{
	"Rest": {},
	"HeadRotUpDown": {
		"group": "head",
       		"reverse":	{
		"neck01": [1.0, 0.0, 0.0, 0.0, 0.868, -0.497, 0.0, 0.497, 0.868],
		"neck02": [1.0, 0.0, 0.0, 0.0, 0.909, -0.417, 0.0, 0.417, 0.909],
		"head": [1.0, 0.0, 0.0, 0.0, 0.986, -0.167, 0.0, 0.167, 0.986]
		},
       		"bones":	{
		"neck01": [1.0, 0.0, 0.0, 0.0, 0.873, 0.487, 0.0, -0.487, 0.873],
		"neck02": [1.0, 0.0, 0.0, 0.0, 0.981, 0.195, 0.0, -0.195, 0.981],
		"head": [1.0, 0.0, 0.0, 0.0, 0.907, 0.42, 0.0, -0.42, 0.907]
		}
	},
	"HeadTilt": {
		"group": "head",
       		"reverse":	{
		"neck01": [0.995, -0.099, 0.0, 0.099, 0.995, 0.0, 0.0, 0.0, 1.0],
		"neck02": [0.965, -0.261, 0.0, 0.261, 0.965, 0.0, 0.0, 0.0, 1.0],
		"head": [0.996, -0.092, 0.0, 0.092, 0.996, 0.0, 0.0, 0.0, 1.0]
		},
       		"bones":	{
		"neck01": [0.995, 0.099, 0.0, -0.099, 0.995, -0.0, -0.0, 0.0, 1.0],
		"neck02": [0.965, 0.261, 0.0, -0.261, 0.965, -0.0, -0.0, 0.0, 1.0],
		"head": [0.996, 0.092, 0.0, -0.092, 0.996, -0.0, -0.0, 0.0, 1.0]
		}
	},
	"HeadTurn": {
		"group": "head",
       		"reverse":	{
		"neck01": [0.983, 0.017, -0.181, -0.017, 1.0, 0.002, 0.181, 0.002, 0.984],
		"neck02": [0.956, 0.003, -0.295, -0.003, 1.0, 0.0, 0.295, 0.0, 0.956],
		"head": [0.8, -0.028, -0.599, 0.028, 1.0, -0.009, 0.599, -0.009, 0.8]
		},
       		"bones":	{
		"neck01": [0.983, -0.017, 0.181, 0.017, 1.0, 0.002, -0.181, 0.002, 0.984],
		"neck02": [0.956, -0.003, 0.295, 0.003, 1.0, 0.0, -0.295, 0.0, 0.956],
		"head": [0.8, 0.028, 0.599, -0.028, 1.0, -0.009, -0.599, -0.009, 0.8]
		}
	},
	"LeftUpperArmRotFrontal": {
		"group": "left-arm",
       		"reverse":	{
		"clavicle.L": [0.996, 0.092, 0.0, -0.092, 0.996, 0.0, 0.0, 0.0, 1.0],
		"shoulder01.L": [0.999, 0.049, 0.0, 0.049, 0.999, 0.0, 0.0, 0.0, 1.0],
		"upperarm01.L": [0.84, 0.543, 0.0, -0.543, 0.839, 0.031, 0.016, -0.026, 1.0]
		},
       		"bones":	{
		"clavicle.L": [0.996, -0.085, 0.0, 0.085, 0.996, 0.0, 0.0, 0.0, 1.0],
		"shoulder01.L": [0.522, -0.853, 0.0, 0.853, 0.522, 0.0, 0.0, 0.0, 1.0],
		"upperarm01.L": [0.67, -0.742, 0.021, 0.742, 0.67, -0.021, 0.0, 0.029, 1.0]
		}
	},
	"LeftUpperArmRotSideways": {
		"group": "left-arm",
       		"reverse":	{
		"clavicle.L": [0.992, -0.031, 0.121, 0.028, 0.999, 0.019, -0.121, -0.016, 0.992],
		"shoulder01.L": [0.955, -0.146, 0.259, 0.184, 0.974, -0.131, -0.233, 0.173, 0.957],
		"upperarm01.L": [0.905, 0.135, 0.403, 0.093, 0.862, -0.498, -0.415, 0.488, 0.768],
		"upperarm02.L": [0.987, 0.086, 0.137, -0.079, 0.995, -0.061, -0.142, 0.049, 0.989]
		},
       		"bones":	{
		"clavicle.L": [0.96, -0.081, -0.269, 0.091, 0.996, 0.023, 0.265, -0.047, 0.963],
		"shoulder01.L": [0.878, -0.28, -0.388, 0.405, 0.866, 0.293, 0.254, -0.415, 0.874],
		"upperarm01.L": [0.957, 0.026, -0.29, 0.269, 0.307, 0.913, 0.113, -0.951, 0.286]
		}
	},
	"LeftUpperArmTwist": {
		"group": "left-arm",
       		"reverse":	{
		"upperarm01.L": [0.993, -0.01, 0.117, -0.002, 0.995, 0.102, -0.118, -0.102, 0.988],
		"upperarm02.L": [0.613, -0.336, 0.715, -0.363, 0.684, 0.633, -0.701, -0.648, 0.297],
		"lowerarm01.L": [0.981, -0.162, 0.106, 0.151, 0.983, 0.102, -0.121, -0.084, 0.989]
		},
       		"bones":	{
		"upperarm01.L": [0.994, -0.002, -0.105, -0.008, 0.996, -0.091, 0.105, 0.091, 0.99],
		"upperarm02.L": [0.738, -0.249, -0.627, -0.224, 0.786, -0.576, 0.636, 0.566, 0.524],
		"lowerarm01.L": [0.995, 0.077, -0.059, -0.08, 0.996, -0.045, 0.055, 0.049, 0.997]
		}
	},
	"LeftLowerArmRotSideways": {
		"group": "left-arm",
       		"reverse":	{
		"lowerarm01.L": [0.896, 0.143, 0.421, 0.087, 0.872, -0.481, -0.436, 0.468, 0.769]
		},
       		"bones":	{
		"lowerarm01.L": [0.403, 0.616, -0.677, 0.699, 0.27, 0.662, 0.59, -0.74, -0.322]
		}
	},
	"RightUpperArmRotFrontal": {
		"group": "right-arm",
       		"reverse":	{
		"clavicle.R": [0.996, -0.092, 0.0, 0.092, 0.996, 0.0, 0.0, 0.0, 1.0],
		"shoulder01.R": [0.999, -0.049, 0.0, 0.049, 0.999, 0.0, 0.0, 0.0, 1.0],
		"upperarm01.R": [0.84, -0.543, 0.0, 0.543, 0.839, 0.031, -0.016, -0.026, 1.0]
		},
       		"bones":	{
		"clavicle.R": [0.996, 0.085, 0.0, -0.085, 0.996, 0.0, 0.0, 0.0, 1.0],
		"shoulder01.R": [0.522, 0.853, 0.0, -0.853, 0.522, 0.0, 0.0, 0.0, 1.0],
		"upperarm01.R": [0.67, 0.742, -0.021, -0.742, 0.67, -0.021, 0.0, 0.029, 1.0]
		}
	},
	"RightUpperArmRotSideways": {
		"group": "right-arm",
       		"reverse":	{
		"clavicle.R": [0.992, 0.031, -0.121, -0.028, 0.999, 0.019, 0.121, -0.016, 0.992],
		"shoulder01.R": [0.955, 0.146, -0.259, -0.184, 0.974, -0.131, 0.233, 0.173, 0.957],
		"upperarm01.R": [0.905, -0.135, -0.403, -0.093, 0.862, -0.498, 0.415, 0.488, 0.768],
		"upperarm02.R": [0.987, -0.086, -0.137, 0.079, 0.995, -0.061, 0.142, 0.049, 0.989]
		},
       		"bones":	{
		"clavicle.R": [0.96, 0.081, 0.269, -0.091, 0.996, 0.023, -0.265, -0.047, 0.963],
		"shoulder01.R": [0.878, 0.28, 0.388, -0.405, 0.866, 0.293, -0.254, -0.415, 0.874],
		"upperarm01.R": [0.957, -0.026, 0.29, -0.269, 0.307, 0.913, -0.113, -0.951, 0.286]
		}
	},
	"RightUpperArmTwist": {
		"group": "right-arm",
       		"reverse":	{
		"upperarm01.R": [0.993, 0.01, -0.117, 0.002, 0.995, 0.102, 0.118, -0.102, 0.988],
		"upperarm02.R": [0.613, 0.336, -0.715, 0.363, 0.684, 0.633, 0.701, -0.648, 0.297],
		"lowerarm01.R": [0.981, 0.162, -0.106, -0.151, 0.983, 0.102, 0.121, -0.084, 0.989]
		},
       		"bones":	{
		"upperarm01.R": [0.994, 0.002, 0.105, 0.008, 0.996, -0.091, -0.105, 0.091, 0.99],
		"upperarm02.R": [0.738, 0.249, 0.627, 0.224, 0.786, -0.576, -0.636, 0.566, 0.524],
		"lowerarm01.R": [0.995, -0.077, 0.059, 0.08, 0.996, -0.045, -0.055, 0.049, 0.997]
		}
	},
	"RightLowerArmRotSideways": {
		"group": "right-arm",
       		"reverse":	{
		"lowerarm01.R": [0.896, -0.143, -0.421, -0.087, 0.872, -0.481, 0.436, 0.468, 0.769]
		},
       		"bones":	{
		"lowerarm01.R": [0.403, -0.616, 0.677, -0.699, 0.27, 0.662, -0.59, -0.74, -0.322]
		}
	}
}



