{
	"Rest": {},
	"LeftUpperArmRotIn": {
		"group": "left-arm",
       		"bones":	{
		"clavicle.L": [0.996, 0.092, 0.0, -0.092, 0.996, 0.0, 0.0, 0.0, 1.0],
		"shoulder01.L": [0.999, 0.049, 0.0, 0.049, 0.999, 0.0, 0.0, 0.0, 1.0],
		"upperarm01.L": [0.84, 0.543, 0.0, -0.543, 0.839, 0.031, 0.016, -0.026, 1.0]
		}
	},
	"LeftUpperArmRotOut": {
		"group": "left-arm",
       		"bones":	{
		"clavicle.L": [0.996, -0.085, 0.0, 0.085, 0.996, 0.0, 0.0, 0.0, 1.0],
		"shoulder01.L": [0.522, -0.853, 0.0, 0.853, 0.522, 0.0, 0.0, 0.0, 1.0],
		"upperarm01.L": [0.67, -0.742, 0.021, 0.742, 0.67, -0.021, 0.0, 0.029, 1.0]
		}
	},
	"RightUpperArmRotIn": {
		"group": "right-arm",
       		"bones":	{
		"clavicle.R": [0.996, -0.092, 0.0, 0.092, 0.996, 0.0, 0.0, 0.0, 1.0],
		"shoulder01.R": [0.999, -0.049, 0.0, 0.049, 0.999, 0.0, 0.0, 0.0, 1.0],
		"upperarm01.R": [0.84, -0.543, 0.0, 0.543, 0.839, 0.031, -0.016, -0.026, 1.0]
		}
	},
	"RightUpperArmRotOut": {
		"group": "right-arm",
       		"bones":	{
		"clavicle.R": [0.996, 0.085, 0.0, -0.085, 0.996, 0.0, 0.0, 0.0, 1.0],
		"shoulder01.R": [0.522, 0.853, 0.0, -0.853, 0.522, 0.0, 0.0, 0.0, 1.0],
		"upperarm01.R": [0.67, 0.742, -0.021, -0.742, 0.67, -0.021, 0.0, 0.029, 1.0]
		}
	}
}

