{
	"Rest": {},
	"LeftBrowDown": {
		"group": "eyebrows",
		"rsym": "RightBrowDown",
       		"bones":	{
			"oculi02.L": [0.981, -0.194, -0.026, 0.188, 0.971, -0.148, 0.054, 0.14, 0.989],
			"oculi01.L": [1.0, -0.016, -0.021, 0.016, 1.0, 0.021, 0.02, -0.022, 1.0]
		}
	},
	"RightBrowDown": {
		"group": "eyebrows",
		"lsym": "LeftBrowDown",
       		"bones":	{
		"oculi02.R": [0.981, 0.194, 0.026, -0.188, 0.971, -0.148, -0.054, 0.14, 0.989],
		"oculi01.R": [1.0, 0.016, 0.021, -0.016, 1.0, 0.021, -0.02, -0.022, 1.0]
		}
	},
	"LeftOuterBrowUp": {
		"group": "eyebrows",
		"rsym": "RightOuterBrowUp",
       		"bones":	{
		"temporalis01.L": [1.0, 0.0, 0.0, 0.0, 0.974, 0.227, 0.0, -0.227, 0.974],
		"oculi02.L": [0.984, 0.16, 0.072, -0.161, 0.987, 0.0, -0.071, -0.012, 0.997],
		"oculi01.L": [0.972, -0.229, 0.046, 0.234, 0.957, -0.172, -0.004, 0.178, 0.984]
		}
	},
	"RightOuterBrowUp": {
		"group": "eyebrows",
		"lsym": "LeftOuterBrowUp",
       		"bones":	{
		"temporalis01.R": [1.0, 0.0, 0.0, 0.0, 0.974, 0.227, 0.0, -0.227, 0.974],
		"oculi02.R": [0.984, -0.16, -0.072, 0.161, 0.987, 0.0, 0.071, -0.012, 0.997],
		"oculi01.R": [0.972, 0.229, -0.046, -0.234, 0.957, -0.172, 0.004, 0.178, 0.984]
		}
	},
	"LeftInnerBrowUp": {
		"group": "eyebrows",
		"rsym": "RightInnerBrowUp",
       		"bones":	{
		"oculi02.L": [0.997, 0.074, 0.0, -0.074, 0.997, 0.0, 0.0, 0.0, 1.0],
		"oculi01.L": [0.808, 0.589, 0.0, -0.589, 0.808, 0.0, 0.0, 0.0, 1.0]
		}
	},
	"RightInnerBrowUp": {
		"group": "eyebrows",
		"lsym": "LeftInnerBrowUp",
       		"bones":	{
		"oculi02.R": [0.997, -0.074, 0.0, 0.074, 0.997, 0.0, 0.0, 0.0, 1.0],
		"oculi01.R": [0.808, -0.589, 0.0, 0.589, 0.808, 0.0, 0.0, 0.0, 1.0]
		}
	},
	"NoseWrinkler": {
		"group": "eyebrows",
       		"bones":	{
		"oculi01.L": [0.846, -0.534, 0.0, 0.534, 0.846, 0.0, 0.0, 0.0, 1.0],
		"oculi01.R": [0.846, 0.534, 0.0, -0.534, 0.846, 0.0, 0.0, 0.0, 1.0]
		}
	},
	"LeftUpperLidClosed": {
		"group": "eyelids",
		"rsym": "RightUpperLidClosed",
       		"bones":	{
		"orbicularis03.L": [1.0, 0.0, 0.0, 0.0, 0.837, -0.548, 0.0, 0.548, 0.837]
		},
		"reverse":	{
		"orbicularis03.L": [1.0, 0.0, 0.0, 0.0, 0.953, 0.302, 0.0, -0.302, 0.953]
		}
	},
	"RightUpperLidClosed": {
		"group": "eyelids",
		"lsym": "LeftUpperLidClosed",
       		"bones":	{
		"orbicularis03.R": [1.0, 0.0, 0.0, 0.0, 0.837, -0.548, 0.0, 0.548, 0.837]
		},
		"reverse":	{
		"orbicularis03.R": [1.0, 0.0, 0.0, 0.0, 0.953, 0.302, 0.0, -0.302, 0.953]
		}
	},
	"LeftLowerLidUp": {
		"group": "eyelids",
		"rsym": "RightLowerLidUp",
       		"bones":	{
		"orbicularis04.L": [1.0, 0.0, 0.0, 0.0, 0.96, 0.28, 0.0, -0.28, 0.96]
		}
	},
	"RightLowerLidUp": {
		"group": "eyelids",
		"lsym": "LeftLowerLidUp",
       		"bones":	{
		"orbicularis04.R": [1.0, 0.0, 0.0, 0.0, 0.96, 0.28, 0.0, -0.28, 0.96]
		}
	},
	"LeftEyeVertical": {
		"group": "eyes",
		"reverse":	{
		"orbicularis03.L": [1.0, 0.0, 0.0, 0.0, 0.995, 0.101, 0.0, -0.101, 0.995],
		"eye.L": [1.0, 0.0, 0.0, 0.0, 0.941, 0.339, 0.0, -0.339, 0.941]
		},
       		"bones":	{
		"orbicularis04.L": [1.0, 0.0, 0.0, 0.0, 0.991, -0.136, 0.0, 0.136, 0.991],
		"orbicularis03.L": [1.0, 0.0, 0.0, 0.0, 0.979, -0.206, 0.0, 0.206, 0.979],
		"eye.L": [1.0, 0.0, 0.0, 0.0, 0.932, -0.363, 0.0, 0.363, 0.932]
		}
	},
	"RightEyeVertical": {
		"group": "eyes",
		"reverse":	{
		"orbicularis03.R": [1.0, 0.0, 0.0, 0.0, 0.995, 0.101, 0.0, -0.101, 0.995],
		"eye.R": [1.0, 0.0, 0.0, 0.0, 0.941, 0.339, 0.0, -0.339, 0.941]
		},
       		"bones":	{
		"orbicularis03.R": [1.0, 0.0, 0.0, 0.0, 0.979, -0.206, 0.0, 0.206, 0.979],
		"orbicularis04.R": [1.0, 0.0, 0.0, 0.0, 0.991, -0.136, 0.0, 0.136, 0.991],
		"eye.R": [1.0, 0.0, 0.0, 0.0, 0.932, -0.363, 0.0, 0.363, 0.932]
		}
	},
	"LeftEyeturn": {
		"group": "eyes",
		"reverse":	{
		"orbicularis04.L": [0.987, 0.0, -0.162, 0.0, 1.0, 0.0, 0.162, 0.0, 0.987],
		"orbicularis03.L": [0.987, 0.0, -0.162, 0.0, 1.0, 0.0, 0.162, 0.0, 0.987],
		"eye.L": [0.946, 0.0, -0.325, 0.0, 1.0, 0.0, 0.325, 0.0, 0.946]
		},
       		"bones":	{
		"orbicularis04.L": [0.989, -0.053, 0.142, 0.053, 0.999, 0.003, -0.142, 0.004, 0.99],
		"orbicularis03.L": [0.988, 0.038, 0.152, -0.038, 0.999, -0.001, -0.152, -0.005, 0.988],
		"eye.L": [0.947, -0.02, 0.321, 0.02, 1.0, 0.005, -0.321, 0.002, 0.947]
		}
	},
	"RightEyeturn": {
		"group": "eyes",
		"reverse":	{
		"orbicularis03.R": [0.988, -0.038, -0.152, 0.038, 0.999, -0.001, 0.152, -0.005, 0.988],
		"orbicularis04.R": [0.989, 0.053, -0.142, -0.053, 0.999, 0.003, 0.142, 0.004, 0.99],
		"eye.R": [0.947, 0.02, -0.321, -0.02, 1.0, 0.005, 0.321, 0.002, 0.947]
		},
       		"bones":	{
		"orbicularis03.R": [0.987, 0.0, 0.162, 0.0, 1.0, 0.0, -0.162, 0.0, 0.987],
		"orbicularis04.R": [0.987, 0.0, 0.162, 0.0, 1.0, 0.0, -0.162, 0.0, 0.987],
		"eye.R": [0.946, 0.0, 0.325, 0.0, 1.0, 0.0, -0.325, 0.0, 0.946]
		}
	},
	"LeftCheekUp": {
		"group": "cheeks",
       		"bones":	{
		"temporalis02.L": [1.0, 0.009, -0.013, -0.007, 0.985, 0.17, 0.014, -0.17, 0.985],
		"risorius02.L": [0.978, 0.198, 0.065, -0.209, 0.933, 0.292, -0.003, -0.299, 0.954],
		"risorius03.L": [0.971, -0.239, 0.008, 0.224, 0.896, -0.383, 0.085, 0.374, 0.924]
		}
	},
	"RightCheekUp": {
		"group": "cheeks",
       		"bones":	{
		"temporalis02.R": [1.0, -0.009, 0.013, 0.007, 0.985, 0.17, -0.014, -0.17, 0.985],
		"risorius02.R": [0.978, -0.198, -0.065, 0.209, 0.933, 0.292, 0.003, -0.299, 0.954],
		"risorius03.R": [0.971, 0.239, -0.008, -0.224, 0.896, -0.383, -0.085, 0.374, 0.924]
		}
	},
	"CheeksPump": {
		"group": "cheeks",
       		"bones":	{
		"levator02.L": [0.998, 0.062, 0.0, -0.062, 0.998, 0.0, 0.0, 0.0, 1.0],
		"levator03.L": [1.0, 0.0, -0.004, 0.0, 0.998, 0.071, 0.004, -0.071, 0.997],
		"levator04.L": [0.999, 0.054, 0.0, -0.054, 0.999, 0.0, 0.0, 0.0, 1.0],
		"oris04.R": [0.997, -0.072, 0.0, 0.072, 0.997, 0.0, 0.0, 0.0, 1.0],
		"oris06": [1.0, 0.0, 0.0, 0.0, 0.986, 0.169, 0.0, -0.169, 0.986],
		"oris04.L": [0.997, 0.072, 0.0, -0.072, 0.997, 0.0, 0.0, 0.0, 1.0],
		"levator02.R": [0.998, -0.062, 0.0, 0.062, 0.998, 0.0, 0.0, 0.0, 1.0],
		"levator03.R": [1.0, 0.0, 0.004, 0.0, 0.998, 0.071, -0.004, -0.071, 0.997],
		"levator04.R": [0.999, -0.054, 0.0, 0.054, 0.999, 0.0, 0.0, 0.0, 1.0],
		"oris01": [1.0, 0.0, 0.0, 0.0, 0.957, -0.29, 0.0, 0.29, 0.957],
		"oris07.R": [0.996, 0.093, 0.0, -0.093, 0.996, 0.0, 0.0, 0.0, 1.0],
		"oris07.L": [0.996, -0.093, 0.0, 0.093, 0.996, 0.0, 0.0, 0.0, 1.0],
		"temporalis02.R": [0.985, 0.173, 0.0, -0.172, 0.977, 0.125, 0.022, -0.123, 0.992],
		"risorius02.R": [0.915, 0.379, 0.136, -0.392, 0.915, 0.093, -0.089, -0.138, 0.986],
		"risorius03.R": [0.835, -0.481, -0.266, 0.542, 0.8, 0.256, 0.089, -0.358, 0.929],
		"temporalis02.L": [0.985, -0.173, 0.0, 0.172, 0.977, 0.125, -0.022, -0.123, 0.992],
		"risorius02.L": [0.915, -0.379, -0.136, 0.392, 0.915, 0.093, 0.089, -0.138, 0.986],
		"risorius03.L": [0.835, 0.481, 0.266, -0.542, 0.8, 0.256, -0.089, -0.358, 0.929]
		}
	},
	"CheeksSuck": {
		"group": "cheeks",
       		"bones":	{
		"risorius02.R": [1.0, 0.018, -0.003, -0.018, 0.997, -0.075, 0.001, 0.075, 0.997],
		"risorius03.R": [0.961, -0.273, -0.045, 0.275, 0.961, 0.024, 0.037, -0.035, 0.999],
		"risorius02.L": [1.0, -0.018, 0.003, 0.018, 0.997, -0.075, -0.001, 0.075, 0.997],
		"risorius03.L": [0.961, 0.273, 0.045, -0.275, 0.961, 0.024, -0.037, -0.035, 0.999]
		}
	},
	"NasolabialDeepener": {
		"group": "cheeks",
       		"bones":	{
		"levator03.L": [0.981, -0.194, 0.0, 0.194, 0.981, 0.0, 0.0, 0.0, 1.0],
		"levator04.L": [0.993, 0.118, 0.0, -0.118, 0.993, 0.0, 0.0, 0.0, 1.0],
		"levator03.R": [0.981, 0.194, 0.0, -0.194, 0.981, 0.0, 0.0, 0.0, 1.0],
		"levator04.R": [0.993, -0.118, 0.0, 0.118, 0.993, 0.0, 0.0, 0.0, 1.0],
		"levator06.R": [0.991, -0.004, 0.135, 0.044, 0.955, -0.294, -0.128, 0.297, 0.946],
		"levator06.L": [1.0, 0.0, 0.0, 0.0, 0.946, -0.324, 0.0, 0.324, 0.946],
		"risorius03.R": [0.993, -0.12, -0.012, 0.12, 0.981, 0.15, -0.006, -0.15, 0.989],
		"risorius03.L": [0.993, 0.12, 0.012, -0.12, 0.981, 0.15, 0.006, -0.15, 0.989]
		}
	},
	"ChinRotate": {
		"group": "chin",
		"reverse":	{
		"levator04.L": [0.993, 0.117, 0.0, -0.117, 0.993, 0.0, 0.0, 0.0, 1.0],
		"levator03.R": [1.0, 0.028, 0.002, -0.028, 1.0, 0.0, -0.002, 0.0, 1.0],
		"jaw": [0.996, 0.0, -0.085, 0.0, 1.0, 0.0, 0.085, 0.0, 0.996],
		"oris02": [0.999, 0.037, 0.0, -0.037, 0.999, 0.003, 0.0, -0.003, 1.0],
		"oris06.L": [0.999, 0.035, 0.0, -0.035, 0.999, 0.003, 0.0, -0.003, 1.0]
		},
       		"bones":	{
		"levator03.L": [1.0, -0.028, -0.002, 0.028, 1.0, 0.0, 0.002, 0.0, 1.0],
		"oris04.R": [0.995, -0.096, 0.0, 0.096, 0.995, 0.0, 0.0, 0.0, 1.0],
		"oris04.L": [0.998, -0.055, -0.003, 0.055, 0.998, 0.0, 0.003, 0.0, 1.0],
		"levator04.R": [0.993, -0.117, 0.0, 0.117, 0.993, 0.0, 0.0, 0.0, 1.0],
		"jaw": [0.996, 0.0, 0.085, 0.0, 1.0, 0.0, -0.085, 0.0, 0.996],
		"oris02": [0.999, -0.037, 0.0, 0.037, 0.999, 0.003, 0.0, -0.003, 1.0],
		"oris06.R": [0.999, -0.035, 0.0, 0.035, 0.999, 0.003, 0.0, -0.003, 1.0]
		}
	},
	"ChinDown": {
		"group": "chin",
       		"bones":	{
		"levator04.L": [0.993, 0.118, 0.001, -0.118, 0.993, -0.002, -0.001, 0.002, 1.0],
		"levator05.L": [0.995, -0.101, 0.0, 0.101, 0.995, 0.0, 0.0, 0.0, 1.0],
		"special01": [1.0, 0.0, 0.0, 0.0, 0.999, -0.039, 0.0, 0.039, 0.999],
		"oris04.R": [0.997, -0.081, 0.008, 0.081, 0.99, -0.115, 0.002, 0.115, 0.993],
		"oris06": [1.0, 0.0, 0.0, 0.0, 0.995, -0.098, 0.0, 0.098, 0.995],
		"oris05": [1.0, 0.0, 0.0, 0.0, 0.998, -0.059, 0.0, 0.059, 0.998],
		"oris04.L": [0.992, 0.124, -0.013, -0.125, 0.986, -0.115, -0.001, 0.115, 0.993],
		"levator04.R": [0.993, -0.118, -0.001, 0.118, 0.993, -0.002, 0.001, 0.002, 1.0],
		"levator05.R": [0.995, 0.101, 0.0, -0.101, 0.995, 0.0, 0.0, 0.0, 1.0],
		"jaw": [1.0, 0.0, 0.0, 0.0, 0.994, -0.106, 0.0, 0.106, 0.994],
		"special04": [1.0, 0.0, 0.0, 0.0, 0.954, 0.3, 0.0, -0.3, 0.954],
		"oris02": [1.0, 0.0, 0.0, 0.0, 0.88, -0.474, 0.0, 0.474, 0.88],
		"oris01": [1.0, 0.0, 0.0, 0.0, 0.996, 0.095, 0.0, -0.095, 0.996],
		"oris06.R": [0.997, -0.073, 0.02, 0.074, 0.878, -0.474, 0.017, 0.474, 0.88],
		"oris07.R": [0.99, 0.128, -0.051, -0.136, 0.967, -0.217, 0.022, 0.222, 0.975],
		"oris06.L": [0.997, 0.073, -0.02, -0.074, 0.878, -0.474, -0.017, 0.474, 0.88],
		"oris07.L": [0.99, -0.128, 0.051, 0.136, 0.967, -0.217, -0.022, 0.222, 0.975]
		}
	},
	"ChinForward": {
		"group": "chin",
       		"bones":	{
		"jaw": [1.0, 0.0, 0.0, 0.0, 0.999, 0.052, 0.0, -0.052, 0.999],
		"special04": [1.0, 0.0, 0.0, 0.0, 0.985, -0.175, 0.0, 0.175, 0.985],
		"oris02": [1.0, 0.0, 0.0, 0.0, 0.999, 0.04, 0.0, -0.04, 0.999],
		"oris01": [1.0, 0.0, 0.0, 0.0, 0.983, 0.185, 0.0, -0.185, 0.983],
		"oris06.R": [1.0, 0.0, 0.0, 0.0, 0.996, 0.089, 0.0, -0.089, 0.996],
		"oris06.L": [1.0, 0.0, 0.0, 0.0, 0.988, 0.154, 0.0, -0.154, 0.988]
		}
	},
	"lowerLipVertical": {
		"group": "lips",
		"reverse":	{
		"jaw": [1.0, 0.0, 0.0, 0.0, 0.998, 0.057, 0.0, -0.057, 0.998],
		"oris01": [1.0, 0.0, 0.0, 0.0, 0.857, -0.515, 0.0, 0.515, 0.857],
		"oris07.R": [1.0, -0.021, -0.002, 0.021, 0.996, -0.082, 0.004, 0.082, 0.997],
		"oris07.L": [1.0, 0.021, 0.002, -0.021, 0.996, -0.082, -0.004, 0.082, 0.997]
		},
       		"bones":	{
		"special04": [1.0, 0.0, 0.0, 0.0, 0.851, -0.525, 0.0, 0.525, 0.851],
		"oris02": [1.0, 0.0, 0.0, 0.0, 0.558, 0.83, 0.0, -0.83, 0.558],
		"oris06.R": [1.0, 0.0, 0.0, 0.0, 0.517, 0.856, 0.0, -0.856, 0.517],
		"oris06.L": [1.0, 0.0, 0.0, 0.0, 0.517, 0.856, 0.0, -0.856, 0.517]
		}
	},
	"lowerLipDepth": {
		"group": "lips",
		"reverse":	{
		"levator05.L": [0.932, 0.362, -0.037, -0.364, 0.926, -0.097, -0.001, 0.104, 0.995],
		"oris05": [1.0, 0.0, 0.0, 0.0, 0.969, -0.247, 0.0, 0.247, 0.969],
		"levator05.R": [0.932, -0.362, 0.037, 0.364, 0.926, -0.097, 0.001, 0.104, 0.995],
		"oris02": [1.0, 0.0, 0.0, 0.0, 0.998, 0.068, 0.0, -0.068, 0.998],
		"oris01": [1.0, 0.0, 0.0, 0.0, 0.558, 0.83, 0.0, -0.83, 0.558],
		"oris06.R": [1.0, 0.0, 0.0, 0.0, 0.998, -0.065, 0.0, 0.065, 0.998],
		"oris07.R": [0.882, 0.465, 0.083, -0.471, 0.854, 0.222, 0.032, -0.235, 0.972],
		"oris06.L": [1.0, 0.0, 0.0, 0.0, 0.998, -0.065, 0.0, 0.065, 0.998],
		"oris07.L": [0.882, -0.465, -0.083, 0.471, 0.854, 0.222, -0.032, -0.235, 0.972]
		},
       		"bones":	{
		"oris02": [1.0, 0.0, 0.0, 0.0, 0.981, -0.193, 0.0, 0.193, 0.981],
		"oris01": [1.0, 0.0, 0.0, 0.0, 0.869, -0.494, 0.0, 0.494, 0.869],
		"oris06.R": [0.871, -0.468, -0.15, 0.491, 0.832, 0.259, 0.003, -0.299, 0.954],
		"oris07.R": [0.793, 0.539, -0.282, -0.602, 0.63, -0.491, -0.087, 0.559, 0.824],
		"oris06.L": [0.871, 0.468, 0.15, -0.491, 0.832, 0.259, -0.003, -0.299, 0.954],
		"oris07.L": [0.793, -0.539, 0.282, 0.602, 0.63, -0.491, 0.087, 0.559, 0.824]
		}
	},
	"UpperLipUp": {
		"group": "lips",
       		"bones":	{
		"special01": [1.0, 0.0, 0.0, 0.0, 1.0, 0.017, 0.0, -0.017, 1.0],
		"oris04.R": [0.981, 0.193, 0.004, -0.193, 0.981, 0.0, -0.004, 0.0, 1.0],
		"oris04.L": [0.981, -0.193, -0.004, 0.193, 0.981, 0.0, 0.004, 0.0, 1.0]
		}
	},
	"UpperLipDepth": {
		"group": "lips",
		"reverse":	{
		"levator03.L": [1.0, -0.015, -0.002, 0.015, 0.999, 0.051, 0.001, -0.051, 0.999],
		"levator05.L": [1.0, -0.012, 0.029, 0.022, 0.924, -0.382, -0.022, 0.382, 0.924],
		"special01": [1.0, 0.0, 0.0, 0.0, 0.999, -0.037, 0.0, 0.037, 0.999],
		"oris03.R": [0.845, -0.478, 0.239, 0.482, 0.491, -0.726, 0.229, 0.729, 0.645],
		"oris06": [1.0, 0.0, 0.0, 0.0, 0.965, -0.263, 0.0, 0.263, 0.965],
		"oris05": [1.0, 0.0, 0.0, 0.0, 0.78, -0.625, 0.0, 0.625, 0.78],
		"oris04.L": [1.0, 0.019, -0.001, -0.019, 1.0, 0.0, 0.001, 0.0, 1.0],
		"oris03.L": [0.845, 0.478, -0.239, -0.482, 0.491, -0.726, -0.229, 0.729, 0.645],
		"levator03.R": [1.0, 0.015, 0.002, -0.015, 0.999, 0.051, -0.001, -0.051, 0.999],
		"levator05.R": [1.0, 0.012, -0.029, -0.022, 0.924, -0.382, 0.022, 0.382, 0.924],
		"special03": [1.0, 0.0, 0.0, 0.0, 1.0, -0.013, 0.0, 0.013, 1.0],
		"levator06.R": [0.996, -0.087, 0.025, 0.084, 0.992, 0.097, -0.034, -0.095, 0.995],
		"levator06.L": [0.996, 0.087, -0.025, -0.084, 0.992, 0.097, 0.034, -0.095, 0.995],
		"special04": [1.0, 0.0, 0.0, 0.0, 0.995, 0.097, 0.0, -0.097, 0.995],
		"oris02": [1.0, 0.0, 0.0, 0.0, 0.992, -0.129, 0.0, 0.129, 0.992],
		"oris01": [1.0, 0.0, 0.0, 0.0, 0.991, 0.133, 0.0, -0.133, 0.991],
		"oris06.R": [1.0, 0.0, 0.0, 0.0, 0.992, -0.129, 0.0, 0.129, 0.992],
		"oris06.L": [1.0, 0.0, 0.0, 0.0, 0.992, -0.129, 0.0, 0.129, 0.992],
		"oris07.L": [0.999, 0.046, 0.006, -0.046, 0.999, 0.0, -0.006, 0.0, 1.0]
		},
       		"bones":	{
		"levator04.L": [0.999, -0.038, -0.004, 0.038, 0.972, 0.232, -0.004, -0.232, 0.973],
		"oris04.R": [0.997, 0.053, 0.056, -0.078, 0.692, 0.718, -0.001, -0.72, 0.694],
		"oris03.R": [0.933, 0.246, -0.264, -0.269, 0.961, -0.057, 0.24, 0.125, 0.963],
		"oris06": [1.0, 0.0, 0.0, 0.0, 0.72, 0.694, 0.0, -0.694, 0.72],
		"oris05": [1.0, 0.0, 0.0, 0.0, 0.645, -0.764, 0.0, 0.764, 0.645],
		"oris04.L": [0.997, -0.053, -0.056, 0.078, 0.692, 0.718, 0.001, -0.72, 0.694],
		"oris03.L": [0.933, -0.246, 0.264, 0.269, 0.961, -0.057, -0.24, 0.125, 0.963],
		"levator04.R": [0.999, 0.038, 0.004, -0.038, 0.972, 0.232, 0.004, -0.232, 0.973]
		}
	},
	"UpperLipStretched": {
		"group": "lips",
       		"bones":	{
		"levator02.L": [0.913, -0.405, 0.043, 0.407, 0.899, -0.165, 0.028, 0.169, 0.985],
		"levator03.L": [0.997, 0.057, -0.043, -0.06, 0.994, -0.086, 0.037, 0.089, 0.995],
		"levator04.L": [0.995, 0.095, -0.037, -0.102, 0.959, -0.265, 0.01, 0.267, 0.964],
		"levator05.L": [0.877, 0.48, 0.01, -0.479, 0.875, 0.069, 0.025, -0.065, 0.998],
		"special01": [1.0, 0.0, 0.0, 0.0, 1.0, 0.026, 0.0, -0.026, 1.0],
		"oris04.R": [0.974, -0.047, -0.222, -0.036, 0.934, -0.356, 0.224, 0.355, 0.908],
		"oris03.R": [0.978, 0.198, -0.071, -0.195, 0.98, 0.045, 0.079, -0.03, 0.996],
		"oris05": [1.0, 0.0, 0.0, 0.0, 0.92, -0.392, 0.0, 0.392, 0.92],
		"oris04.L": [0.974, 0.047, 0.222, 0.036, 0.934, -0.356, -0.224, 0.355, 0.908],
		"oris03.L": [0.978, -0.198, 0.071, 0.195, 0.98, 0.045, -0.079, -0.03, 0.996],
		"levator02.R": [0.913, 0.405, -0.043, -0.407, 0.899, -0.165, -0.028, 0.169, 0.985],
		"levator03.R": [0.997, -0.057, 0.043, 0.06, 0.994, -0.086, -0.037, 0.089, 0.995],
		"levator04.R": [0.995, -0.095, 0.037, 0.102, 0.959, -0.265, -0.01, 0.267, 0.964],
		"levator05.R": [0.877, -0.48, -0.01, 0.479, 0.875, 0.069, -0.025, -0.065, 0.998],
		"levator06.R": [0.998, 0.034, 0.048, -0.033, 0.999, -0.008, -0.048, 0.007, 0.999],
		"levator06.L": [0.999, -0.042, -0.033, 0.042, 0.999, -0.024, 0.034, 0.023, 0.999],
		"risorius02.R": [0.99, 0.143, 0.007, -0.136, 0.95, -0.282, -0.047, 0.278, 0.959],
		"risorius03.R": [0.996, 0.087, 0.003, -0.086, 0.986, -0.141, -0.015, 0.14, 0.99],
		"risorius02.L": [0.99, -0.143, -0.007, 0.136, 0.95, -0.282, 0.047, 0.278, 0.959],
		"risorius03.L": [0.996, -0.087, -0.003, 0.086, 0.986, -0.141, 0.015, 0.14, 0.99]
		}
	},
	"JawDrop": {
		"group": "mouth",
       		"bones":	{
		"levator02.L": [0.997, 0.075, 0.0, -0.075, 0.997, 0.0, 0.0, 0.0, 1.0],
		"levator03.L": [1.0, 0.0, 0.008, 0.0, 0.995, -0.103, -0.008, 0.103, 0.995],
		"levator04.L": [0.986, 0.165, 0.019, -0.156, 0.961, -0.23, -0.056, 0.224, 0.973],
		"levator05.L": [0.973, -0.228, -0.044, 0.232, 0.951, 0.205, -0.004, -0.209, 0.978],
		"oris04.R": [0.998, -0.068, 0.001, 0.068, 0.998, 0.0, -0.001, 0.0, 1.0],
		"oris03.R": [0.979, -0.201, -0.036, 0.201, 0.98, -0.002, 0.036, -0.005, 0.999],
		"oris04.L": [0.998, 0.068, -0.001, -0.068, 0.998, 0.0, 0.001, 0.0, 1.0],
		"oris03.L": [0.979, 0.201, 0.036, -0.201, 0.98, -0.002, -0.036, -0.005, 0.999],
		"levator02.R": [0.997, -0.075, 0.0, 0.075, 0.997, 0.0, 0.0, 0.0, 1.0],
		"levator03.R": [1.0, 0.0, -0.008, 0.0, 0.995, -0.103, 0.008, 0.103, 0.995],
		"levator04.R": [0.986, -0.165, -0.019, 0.156, 0.961, -0.23, 0.056, 0.224, 0.973],
		"levator05.R": [0.973, 0.228, 0.044, -0.232, 0.951, 0.205, 0.004, -0.209, 0.978],
		"jaw": [1.0, 0.0, 0.0, 0.0, 0.939, -0.345, 0.0, 0.345, 0.939],
		"oris01": [1.0, 0.0, 0.0, 0.0, 0.967, 0.256, 0.0, -0.256, 0.967],
		"oris06.R": [0.999, 0.044, 0.005, -0.044, 0.999, 0.001, -0.005, -0.001, 1.0],
		"oris07.R": [0.987, 0.15, -0.051, -0.149, 0.989, 0.014, 0.053, -0.006, 0.999],
		"oris06.L": [0.999, -0.044, -0.005, 0.044, 0.999, 0.001, 0.005, -0.001, 1.0],
		"oris07.L": [0.987, -0.15, 0.051, 0.149, 0.989, 0.014, -0.053, -0.006, 0.999],
		"risorius03.R": [0.95, -0.296, -0.1, 0.308, 0.941, 0.141, 0.052, -0.165, 0.985],
		"risorius03.L": [0.95, 0.296, 0.1, -0.308, 0.941, 0.141, -0.052, -0.165, 0.985]
		}
	},
	"JawDropStretched": {
		"group": "mouth",
       		"bones":	{
		"levator02.L": [1.0, 0.004, 0.0, -0.004, 1.0, 0.0, 0.0, 0.0, 1.0],
		"levator03.L": [0.993, 0.116, 0.003, -0.109, 0.937, -0.333, -0.042, 0.33, 0.943],
		"levator05.L": [0.876, -0.483, 0.0, 0.483, 0.876, 0.001, 0.0, -0.001, 1.0],
		"oris04.R": [0.988, 0.149, -0.036, -0.149, 0.989, 0.004, 0.036, 0.001, 0.999],
		"oris03.R": [1.0, -0.011, -0.002, 0.011, 1.0, 0.0, 0.002, 0.0, 1.0],
		"oris06": [1.0, 0.0, 0.0, 0.0, 0.817, -0.577, 0.0, 0.577, 0.817],
		"oris05": [1.0, 0.0, 0.0, 0.0, 0.996, -0.089, 0.0, 0.089, 0.996],
		"oris04.L": [0.988, -0.149, 0.036, 0.149, 0.989, 0.004, -0.036, 0.001, 0.999],
		"oris03.L": [1.0, 0.011, 0.002, -0.011, 1.0, 0.0, -0.002, 0.0, 1.0],
		"levator02.R": [1.0, -0.004, 0.0, 0.004, 1.0, 0.0, 0.0, 0.0, 1.0],
		"levator03.R": [0.993, -0.116, -0.003, 0.109, 0.937, -0.333, 0.042, 0.33, 0.943],
		"levator05.R": [0.876, 0.483, 0.0, -0.483, 0.876, 0.001, 0.0, -0.001, 1.0],
		"levator06.R": [1.0, 0.0, 0.0, 0.0, 0.985, -0.17, 0.0, 0.17, 0.985],
		"levator06.L": [1.0, 0.0, 0.0, 0.0, 0.985, -0.17, 0.0, 0.17, 0.985],
		"jaw": [1.0, 0.0, 0.0, 0.0, 0.912, -0.411, 0.0, 0.411, 0.912],
		"tongue00": [1.0, 0.0, 0.0, 0.0, 0.999, -0.033, 0.0, 0.033, 0.999],
		"tongue01": [1.0, 0.0, 0.0, 0.0, 1.0, 0.014, 0.0, -0.014, 1.0],
		"tongue03": [1.0, 0.0, 0.0, 0.0, 1.0, -0.021, 0.0, 0.021, 1.0],
		"tongue06.R": [1.0, 0.011, 0.02, -0.011, 1.0, 0.0, -0.02, 0.0, 1.0],
		"tongue06.L": [1.0, -0.011, -0.02, 0.011, 1.0, 0.0, 0.02, 0.0, 1.0],
		"tongue05.L": [1.0, -0.021, -0.012, 0.021, 1.0, -0.004, 0.012, 0.003, 1.0],
		"tongue05.R": [1.0, 0.021, 0.012, -0.021, 1.0, -0.004, -0.012, 0.003, 1.0],
		"oris01": [1.0, 0.0, 0.0, 0.0, 0.923, 0.385, 0.0, -0.385, 0.923],
		"oris06.R": [0.999, -0.045, 0.007, 0.045, 0.999, 0.0, -0.007, 0.001, 1.0],
		"oris07.R": [1.0, 0.0, 0.0, 0.0, 1.0, -0.009, 0.0, 0.009, 1.0],
		"oris06.L": [0.999, 0.045, -0.007, -0.045, 0.999, 0.0, 0.007, 0.001, 1.0],
		"oris07.L": [1.0, 0.0, 0.0, 0.0, 1.0, -0.009, 0.0, 0.009, 1.0],
		"risorius02.R": [1.0, 0.011, -0.027, -0.017, 0.974, -0.225, 0.024, 0.225, 0.974],
		"risorius03.R": [1.0, -0.011, -0.001, 0.011, 0.995, -0.097, 0.002, 0.097, 0.995],
		"risorius02.L": [1.0, -0.011, 0.027, 0.017, 0.974, -0.225, -0.024, 0.225, 0.974],
		"risorius03.L": [1.0, 0.011, 0.001, -0.011, 0.995, -0.097, -0.002, 0.097, 0.995]
		}
	},
	"LipsKiss": {
		"group": "mouth",
       		"bones":	{
		"levator02.L": [0.989, 0.148, 0.0, -0.148, 0.989, 0.0, 0.0, 0.0, 1.0],
		"levator03.L": [0.999, 0.04, 0.0, -0.04, 0.999, 0.0, 0.0, 0.0, 1.0],
		"oris04.R": [0.987, -0.16, 0.0, 0.16, 0.987, 0.0, 0.0, 0.0, 1.0],
		"oris04.L": [0.987, 0.16, 0.0, -0.16, 0.987, 0.0, 0.0, 0.0, 1.0],
		"levator02.R": [0.989, -0.148, 0.0, 0.148, 0.989, 0.0, 0.0, 0.0, 1.0],
		"levator03.R": [0.999, -0.04, 0.0, 0.04, 0.999, 0.0, 0.0, 0.0, 1.0],
		"oris01": [1.0, 0.0, 0.0, 0.0, 0.969, -0.248, 0.0, 0.248, 0.969],
		"oris07.R": [0.972, 0.235, 0.0, -0.233, 0.962, -0.142, -0.033, 0.138, 0.99],
		"oris07.L": [0.972, -0.235, 0.0, 0.233, 0.962, -0.142, 0.033, 0.138, 0.99]
		}
	},
	"MouthMove": {
		"group": "mouth",
		"reverse": {
		"levator02.L": [0.997, 0.076, 0.0, -0.076, 0.997, 0.0, 0.0, 0.0, 1.0],
		"levator03.L": [0.992, 0.127, 0.0, -0.127, 0.992, 0.0, 0.0, 0.0, 1.0],
		"levator04.L": [0.976, 0.219, 0.018, -0.219, 0.971, 0.096, 0.004, -0.098, 0.995],
		"levator05.L": [0.916, -0.379, -0.13, 0.399, 0.895, 0.201, 0.04, -0.236, 0.971],
		"oris04.R": [0.987, 0.01, -0.16, -0.011, 1.0, -0.002, 0.16, 0.004, 0.987],
		"oris06": [0.992, 0.124, 0.0, -0.124, 0.992, 0.004, 0.0, -0.004, 1.0],
		"oris04.L": [0.996, 0.087, 0.0, -0.087, 0.996, 0.003, 0.0, -0.003, 1.0],
		"levator02.R": [0.938, 0.346, 0.0, -0.346, 0.938, 0.0, 0.0, 0.0, 1.0],
		"levator03.R": [0.874, -0.485, 0.0, 0.485, 0.874, 0.0, 0.0, 0.0, 1.0],
		"levator04.R": [0.914, 0.405, 0.03, -0.395, 0.905, -0.159, -0.092, 0.134, 0.987],
		"levator06.R": [0.995, 0.057, 0.079, -0.056, 0.998, -0.004, -0.079, 0.0, 0.997],
		"levator06.L": [0.979, 0.203, 0.0, -0.203, 0.979, 0.0, 0.0, 0.0, 1.0],
		"special04": [0.981, 0.0, -0.194, 0.0, 1.0, 0.0, 0.194, 0.0, 0.981],
		"oris02": [0.998, -0.06, 0.0, 0.06, 0.998, -0.012, 0.0, 0.012, 1.0],
		"oris01": [0.983, 0.181, 0.003, -0.181, 0.983, 0.036, 0.003, -0.036, 0.999],
		"oris07.R": [0.974, 0.226, 0.005, -0.226, 0.973, 0.045, 0.005, -0.045, 0.999],
		"oris06.L": [0.992, -0.125, -0.011, 0.125, 0.992, -0.002, 0.011, 0.001, 1.0],
		"oris07.L": [0.977, 0.214, 0.022, -0.213, 0.976, -0.042, -0.031, 0.036, 0.999],
		"risorius03.L": [0.998, 0.065, 0.007, -0.065, 0.968, 0.242, 0.009, -0.242, 0.97]
		},
       		"bones":	{
		"levator02.L": [0.938, -0.346, 0.0, 0.346, 0.938, 0.0, 0.0, 0.0, 1.0],
		"levator03.L": [0.874, 0.485, 0.0, -0.485, 0.874, 0.0, 0.0, 0.0, 1.0],
		"levator04.L": [0.914, -0.405, -0.03, 0.395, 0.905, -0.159, 0.092, 0.134, 0.987],
		"oris04.R": [0.996, -0.087, 0.0, 0.087, 0.996, 0.003, 0.0, -0.003, 1.0],
		"oris03.R": [1.0, -0.021, -0.013, 0.02, 0.993, -0.114, 0.016, 0.113, 0.993],
		"oris06": [0.987, -0.159, 0.0, 0.159, 0.987, 0.005, 0.0, -0.005, 1.0],
		"oris04.L": [0.987, -0.01, 0.16, 0.011, 1.0, -0.002, -0.16, 0.004, 0.987],
		"levator02.R": [0.997, -0.076, 0.0, 0.076, 0.997, 0.0, 0.0, 0.0, 1.0],
		"levator03.R": [0.992, -0.127, 0.0, 0.127, 0.992, 0.0, 0.0, 0.0, 1.0],
		"levator04.R": [0.976, -0.219, -0.018, 0.219, 0.971, 0.096, -0.004, -0.098, 0.995],
		"levator05.R": [0.916, 0.379, 0.13, -0.399, 0.895, 0.201, -0.04, -0.236, 0.971],
		"levator06.R": [0.979, -0.203, 0.0, 0.203, 0.979, 0.0, 0.0, 0.0, 1.0],
		"levator06.L": [0.995, -0.057, -0.079, 0.056, 0.998, -0.004, 0.079, 0.0, 0.997],
		"special04": [0.981, 0.0, 0.194, 0.0, 1.0, 0.0, -0.194, 0.0, 0.981],
		"oris02": [0.998, 0.06, 0.0, -0.06, 0.998, -0.012, 0.0, 0.012, 1.0],
		"oris01": [0.983, -0.181, -0.003, 0.181, 0.983, 0.036, -0.003, -0.036, 0.999],
		"oris06.R": [0.992, 0.125, 0.011, -0.125, 0.992, -0.002, -0.011, 0.001, 1.0],
		"oris07.R": [0.977, -0.214, -0.022, 0.213, 0.976, -0.042, 0.031, 0.036, 0.999],
		"oris07.L": [0.974, -0.226, -0.005, 0.226, 0.973, 0.045, -0.005, -0.045, 0.999],
		"risorius03.R": [0.998, -0.065, -0.007, 0.065, 0.968, 0.242, -0.009, -0.242, 0.97]
		}
	},
	"MouthLeftPullVertical": {
		"group": "mouth",
		"reverse": {
		"levator02.L": [0.999, 0.036, 0.0, -0.036, 0.999, 0.0, 0.0, 0.0, 1.0],
		"levator03.L": [0.999, -0.049, 0.0, 0.049, 0.999, 0.0, 0.0, 0.0, 1.0],
		"levator04.L": [0.99, 0.14, 0.0, -0.14, 0.99, 0.0, 0.0, 0.0, 1.0],
		"levator05.L": [0.916, -0.38, -0.131, 0.4, 0.894, 0.201, 0.04, -0.237, 0.971],
		"oris04.L": [0.985, 0.174, 0.0, -0.174, 0.985, 0.0, 0.0, 0.0, 1.0],
		"oris03.L": [1.0, 0.021, 0.013, -0.02, 0.993, -0.114, -0.016, 0.114, 0.993],
		"special04": [1.0, 0.0, 0.0, 0.0, 1.0, 0.028, 0.0, -0.028, 1.0],
		"oris01": [1.0, 0.0, 0.0, 0.0, 0.999, 0.05, 0.0, -0.05, 0.999],
		"oris06.L": [0.992, -0.125, -0.011, 0.125, 0.992, -0.002, 0.011, 0.001, 1.0],
		"oris07.L": [0.819, 0.56, 0.121, -0.573, 0.811, 0.123, -0.029, -0.17, 0.985]
		},
       		"bones":	{
		"levator02.L": [0.913, -0.405, 0.043, 0.407, 0.899, -0.165, 0.028, 0.169, 0.985],
		"levator03.L": [0.987, 0.162, 0.015, -0.163, 0.982, 0.096, 0.001, -0.097, 0.995],
		"levator04.L": [0.995, 0.095, -0.037, -0.102, 0.959, -0.265, 0.01, 0.267, 0.964],
		"levator05.L": [0.877, 0.48, 0.01, -0.479, 0.875, 0.069, 0.025, -0.065, 0.998],
		"oris05": [1.0, 0.0, 0.0, 0.0, 0.92, -0.392, 0.0, 0.392, 0.92],
		"oris04.L": [0.974, 0.047, 0.222, 0.036, 0.934, -0.356, -0.224, 0.355, 0.908],
		"levator06.L": [0.999, -0.042, -0.033, 0.042, 0.999, -0.024, 0.034, 0.023, 0.999],
		"special04": [1.0, 0.0, 0.0, 0.0, 0.985, 0.17, 0.0, -0.17, 0.985],
		"oris02": [1.0, 0.0, 0.0, 0.0, 0.981, -0.192, 0.0, 0.192, 0.981],
		"oris01": [0.998, -0.066, 0.002, 0.066, 0.998, 0.0, -0.002, 0.0, 1.0],
		"oris06.R": [1.0, 0.0, 0.0, 0.0, 0.981, -0.192, 0.0, 0.192, 0.981],
		"oris06.L": [1.0, 0.0, 0.0, 0.0, 0.981, -0.192, 0.0, 0.192, 0.981],
		"oris07.L": [0.871, -0.491, 0.016, 0.492, 0.871, -0.018, -0.005, 0.024, 1.0],
		"risorius02.L": [0.998, -0.055, -0.012, 0.053, 0.988, -0.142, 0.019, 0.142, 0.99]
		}
	},
	"MouthRightPullVertical": {
		"group": "mouth",
		"reverse": {
		"oris04.R": [0.985, -0.174, 0.0, 0.174, 0.985, 0.0, 0.0, 0.0, 1.0],
		"oris03.R": [1.0, -0.021, -0.013, 0.02, 0.993, -0.114, 0.016, 0.114, 0.993],
		"levator02.R": [0.999, -0.036, 0.0, 0.036, 0.999, 0.0, 0.0, 0.0, 1.0],
		"levator03.R": [0.999, 0.049, 0.0, -0.049, 0.999, 0.0, 0.0, 0.0, 1.0],
		"levator04.R": [0.99, -0.14, 0.0, 0.14, 0.99, 0.0, 0.0, 0.0, 1.0],
		"levator05.R": [0.916, 0.38, 0.131, -0.4, 0.894, 0.201, -0.04, -0.237, 0.971],
		"oris06.R": [0.992, 0.125, 0.011, -0.125, 0.992, -0.002, -0.011, 0.001, 1.0],
		"oris07.R": [0.819, -0.56, -0.121, 0.573, 0.811, 0.123, 0.029, -0.17, 0.985]
		},
       		"bones":	{
		"oris04.R": [0.974, -0.047, -0.222, -0.036, 0.934, -0.356, 0.224, 0.355, 0.908],
		"oris05": [1.0, 0.0, 0.0, 0.0, 0.92, -0.392, 0.0, 0.392, 0.92],
		"levator02.R": [0.913, 0.405, -0.043, -0.407, 0.899, -0.165, -0.028, 0.169, 0.985],
		"levator03.R": [0.987, -0.162, -0.015, 0.163, 0.982, 0.096, -0.001, -0.097, 0.995],
		"levator04.R": [0.995, -0.095, 0.037, 0.102, 0.959, -0.265, -0.01, 0.267, 0.964],
		"levator05.R": [0.877, -0.48, -0.01, 0.479, 0.875, 0.069, -0.025, -0.065, 0.998],
		"levator06.R": [0.998, 0.034, 0.048, -0.033, 0.999, -0.008, -0.048, 0.007, 0.999],
		"special04": [1.0, 0.0, 0.0, 0.0, 0.985, 0.17, 0.0, -0.17, 0.985],
		"oris02": [1.0, 0.0, 0.0, 0.0, 0.981, -0.192, 0.0, 0.192, 0.981],
		"oris01": [0.998, -0.066, 0.002, 0.066, 0.998, 0.0, -0.002, 0.0, 1.0],
		"oris06.R": [1.0, 0.0, 0.0, 0.0, 0.981, -0.192, 0.0, 0.192, 0.981],
		"oris07.R": [0.871, 0.491, -0.016, -0.492, 0.871, -0.018, 0.005, 0.024, 1.0],
		"oris06.L": [1.0, 0.0, 0.0, 0.0, 0.981, -0.192, 0.0, 0.192, 0.981],
		"risorius02.R": [0.998, 0.055, 0.012, -0.053, 0.988, -0.142, -0.019, 0.142, 0.99]
		}
	},
	"MouthLeftPullSide": {
		"group": "mouth",
       		"bones":	{
		"levator02.L": [0.997, -0.074, -0.019, 0.069, 0.984, -0.165, 0.031, 0.164, 0.986],
		"levator03.L": [0.983, -0.178, 0.054, 0.183, 0.977, -0.107, -0.034, 0.115, 0.993],
		"levator04.L": [0.995, 0.098, 0.034, -0.099, 0.995, 0.014, -0.032, -0.018, 0.999],
		"levator05.L": [0.988, 0.154, 0.004, -0.154, 0.988, -0.004, -0.005, 0.003, 1.0],
		"oris05": [1.0, 0.0, 0.0, 0.0, 0.92, -0.392, 0.0, 0.392, 0.92],
		"oris04.L": [0.985, -0.145, 0.094, 0.147, 0.989, -0.013, -0.091, 0.027, 0.995],
		"special04": [1.0, 0.0, 0.0, 0.0, 0.985, 0.17, 0.0, -0.17, 0.985],
		"oris02": [1.0, 0.0, 0.0, 0.0, 0.981, -0.192, 0.0, 0.192, 0.981],
		"oris01": [0.998, -0.066, 0.002, 0.066, 0.998, 0.0, -0.002, 0.0, 1.0],
		"oris06.R": [1.0, 0.0, 0.0, 0.0, 0.981, -0.192, 0.0, 0.192, 0.981],
		"oris06.L": [1.0, 0.0, 0.0, 0.0, 0.981, -0.192, 0.0, 0.192, 0.981],
		"oris07.L": [0.999, -0.035, 0.015, 0.035, 0.999, 0.009, -0.015, -0.009, 1.0],
		"risorius02.L": [0.998, -0.055, -0.012, 0.053, 0.988, -0.142, 0.019, 0.142, 0.99]
		}
	},
	"MouthRightPullSide": {
		"group": "mouth",
       		"bones":	{
		"oris04.R": [0.985, 0.145, -0.094, -0.147, 0.989, -0.013, 0.091, 0.027, 0.995],
		"oris05": [1.0, 0.0, 0.0, 0.0, 0.92, -0.392, 0.0, 0.392, 0.92],
		"levator02.R": [0.997, 0.074, 0.019, -0.069, 0.984, -0.165, -0.031, 0.164, 0.986],
		"levator03.R": [0.983, 0.178, -0.054, -0.183, 0.977, -0.107, 0.034, 0.115, 0.993],
		"levator04.R": [0.995, -0.098, -0.034, 0.099, 0.995, 0.014, 0.032, -0.018, 0.999],
		"levator05.R": [0.988, -0.154, -0.004, 0.154, 0.988, -0.004, 0.005, 0.003, 1.0],
		"special04": [1.0, 0.0, 0.0, 0.0, 0.985, 0.17, 0.0, -0.17, 0.985],
		"oris02": [1.0, 0.0, 0.0, 0.0, 0.981, -0.192, 0.0, 0.192, 0.981],
		"oris01": [0.998, 0.066, -0.002, -0.066, 0.998, 0.0, 0.002, 0.0, 1.0],
		"oris06.R": [1.0, 0.0, 0.0, 0.0, 0.981, -0.192, 0.0, 0.192, 0.981],
		"oris07.R": [0.999, 0.035, -0.015, -0.035, 0.999, 0.009, 0.015, -0.009, 1.0],
		"risorius02.R": [0.998, 0.055, 0.012, -0.053, 0.988, -0.142, -0.019, 0.142, 0.99]
		}
	},
	"MouthLeftPlatysma": {
		"group": "mouth",
       		"bones":	{
		"levator02.L": [0.99, 0.137, -0.014, -0.13, 0.966, 0.223, 0.044, -0.219, 0.975],
		"levator03.L": [0.97, -0.22, 0.107, 0.243, 0.834, -0.495, 0.019, 0.507, 0.862],
		"levator04.L": [0.997, 0.07, 0.011, -0.07, 0.997, 0.02, -0.01, -0.021, 1.0],
		"levator05.L": [0.916, -0.38, -0.131, 0.4, 0.894, 0.201, 0.04, -0.237, 0.971],
		"oris04.L": [0.985, 0.174, 0.0, -0.174, 0.985, 0.0, 0.0, 0.0, 1.0],
		"oris03.L": [1.0, 0.021, 0.013, -0.02, 0.993, -0.114, -0.016, 0.114, 0.993],
		"special04": [1.0, 0.0, 0.0, 0.0, 1.0, 0.028, 0.0, -0.028, 1.0],
		"oris01": [1.0, 0.0, 0.0, 0.0, 0.999, 0.05, 0.0, -0.05, 0.999],
		"oris06.L": [0.992, -0.125, -0.011, 0.125, 0.992, -0.002, 0.011, 0.001, 1.0],
		"oris07.L": [0.492, 0.555, 0.67, -0.836, 0.517, 0.186, -0.243, -0.652, 0.718]
		}
	},
	"MouthRightPlatysma": {
		"group": "mouth",
       		"bones":	{
		"oris04.R": [0.985, -0.174, 0.0, 0.174, 0.985, 0.0, 0.0, 0.0, 1.0],
		"oris03.R": [1.0, -0.021, -0.013, 0.02, 0.993, -0.114, 0.016, 0.114, 0.993],
		"levator02.R": [0.99, -0.137, 0.014, 0.13, 0.966, 0.223, -0.044, -0.219, 0.975],
		"levator03.R": [0.97, 0.22, -0.107, -0.243, 0.834, -0.495, -0.019, 0.507, 0.862],
		"levator04.R": [0.997, -0.07, -0.011, 0.07, 0.997, 0.02, 0.01, -0.021, 1.0],
		"levator05.R": [0.916, 0.38, 0.131, -0.4, 0.894, 0.201, -0.04, -0.237, 0.971],
		"oris06.R": [0.992, 0.125, 0.011, -0.125, 0.992, -0.002, -0.011, 0.001, 1.0],
		"oris07.R": [0.492, -0.555, -0.67, 0.836, 0.517, 0.186, 0.243, -0.652, 0.718]
		}
	},
	"TongueOut": {
		"group": "tongue",
       		"bones":	{
		"tongue00": [1.0, 0.0, 0.0, 0.0, 0.698, -0.717, 0.0, 0.717, 0.698],
		"tongue01": [1.0, 0.0, 0.0, 0.0, 0.985, 0.17, 0.0, -0.17, 0.985],
		"tongue02": [1.0, 0.0, 0.0, 0.0, 0.842, 0.54, 0.0, -0.54, 0.842],
		"tongue06.R": [0.907, 0.276, 0.317, -0.274, 0.96, -0.051, -0.319, -0.041, 0.947],
		"tongue06.L": [0.907, -0.281, -0.313, 0.28, 0.959, -0.051, 0.315, -0.042, 0.948]
		}
	},
	"TongueUshape": {
		"group": "tongue",
       		"bones":	{
		"tongue07.L": [0.666, -0.746, 0.0, 0.746, 0.666, 0.0, 0.0, 0.0, 1.0],
		"tongue07.R": [0.666, 0.746, 0.0, -0.746, 0.666, 0.0, 0.0, 0.0, 1.0],
		"tongue06.R": [0.576, 0.818, 0.0, -0.818, 0.576, 0.0, 0.0, 0.0, 1.0],
		"tongue06.L": [0.576, -0.818, 0.0, 0.818, 0.576, 0.0, 0.0, 0.0, 1.0]
		}
	},
	"TongueVertical": {
		"group": "tongue",
		"reverse": {
		"tongue01": [1.0, 0.0, 0.0, 0.0, 0.845, -0.536, 0.0, 0.536, 0.845]
		},
       		"bones":	{
		"tongue01": [1.0, 0.0, 0.0, 0.0, 0.904, 0.427, 0.0, -0.427, 0.904]
		}
	},
	"TongueHorizontal": {
		"group": "tongue",
       		"reverse":	{
		"tongue02": [0.937, -0.154, -0.314, 0.155, 0.988, -0.023, 0.313, -0.027, 0.949],
		"tongue03": [0.981, 0.019, -0.195, 0.089, 0.842, 0.531, 0.174, -0.538, 0.824],
		"tongue07.L": [0.856, -0.411, 0.314, 0.054, 0.674, 0.736, -0.514, -0.613, 0.599],
		"tongue07.R": [0.893, 0.451, -0.003, -0.246, 0.492, 0.835, 0.378, -0.745, 0.55],
		"tongue04": [1.0, 0.007, 0.026, -0.019, 0.855, 0.518, -0.019, -0.518, 0.855],
		"tongue06.R": [0.852, 0.252, -0.459, -0.209, 0.967, 0.142, 0.48, -0.025, 0.877],
		"tongue06.L": [0.964, 0.121, 0.236, -0.119, 0.993, -0.025, -0.238, -0.004, 0.971],
		"tongue05.L": [0.956, 0.213, -0.203, -0.17, 0.963, 0.21, 0.24, -0.166, 0.956],
		"tongue05.R": [0.855, 0.037, -0.518, -0.086, 0.994, -0.07, 0.512, 0.104, 0.852]
		},
       		"bones":	{
		"tongue02": [0.937, 0.154, 0.314, -0.155, 0.988, -0.023, -0.313, -0.027, 0.949],
		"tongue03": [0.981, -0.019, 0.195, -0.089, 0.842, 0.531, -0.174, -0.538, 0.824],
		"tongue07.L": [0.893, -0.451, 0.003, 0.246, 0.492, 0.835, -0.378, -0.745, 0.55],
		"tongue07.R": [0.856, 0.411, -0.314, -0.054, 0.674, 0.736, 0.514, -0.613, 0.599],
		"tongue04": [1.0, -0.007, -0.026, 0.019, 0.855, 0.518, 0.019, -0.518, 0.855],
		"tongue06.R": [0.964, -0.121, -0.236, 0.119, 0.993, -0.025, 0.238, -0.004, 0.971],
		"tongue06.L": [0.852, -0.252, 0.459, 0.209, 0.967, 0.142, -0.48, -0.025, 0.877],
		"tongue05.L": [0.855, -0.037, 0.518, 0.086, 0.994, -0.07, -0.512, 0.104, 0.852],
		"tongue05.R": [0.956, -0.213, 0.203, 0.17, 0.963, 0.21, -0.24, -0.166, 0.956]
		}
	},
	"TonguePointVertical": {
		"group": "tongue",
		"reverse": {
		"tongue03": [1.0, 0.0, 0.0, 0.0, 0.907, -0.422, 0.0, 0.422, 0.907],
		"tongue04": [1.0, 0.0, 0.0, 0.0, 0.802, -0.598, 0.0, 0.598, 0.802]
		},
       		"bones":	{
		"tongue03": [1.0, 0.0, 0.0, 0.0, 0.477, 0.879, 0.0, -0.879, 0.477],
		"tongue04": [1.0, 0.0, 0.0, 0.0, 0.642, 0.767, 0.0, -0.767, 0.642]
		}
	}
}

