{
	"Rest": [],
	"LeftBrowDown": [
		"oculi02.L": [0.981, -0.196, 0.002, 0.194, 0.97, -0.145, 0.027, 0.143, 0.989],
		"oculi01.L": [1.0, -0.015, -0.021, 0.016, 1.0, 0.021, 0.021, -0.022, 1.0]
	],
	"RightBrowDown": [
		"oculi02.R": [0.981, 0.196, -0.002, -0.194, 0.97, -0.145, -0.027, 0.143, 0.989],
		"oculi01.R": [1.0, 0.015, 0.021, -0.016, 1.0, 0.021, -0.021, -0.022, 1.0]
	],
	"LeftOuterBrowUp": [
		"temporalis01.L": [1.0, 0.0, 0.0, -0.0, 0.974, 0.227, -0.0, -0.227, 0.974],
		"oculi02.L": [0.984, 0.159, 0.074, -0.16, 0.987, -0.0, -0.073, -0.012, 0.997],
		"oculi01.L": [0.972, -0.217, 0.087, 0.229, 0.959, -0.167, -0.047, 0.182, 0.982]
	],
	"RightOuterBrowUp": [
		"temporalis01.R": [1.0, 0.0, 0.0, -0.0, 0.974, 0.227, -0.0, -0.227, 0.974],
		"oculi02.R": [0.984, -0.159, -0.074, 0.16, 0.987, -0.0, 0.073, -0.012, 0.997],
		"oculi01.R": [0.972, 0.217, -0.087, -0.229, 0.959, -0.167, 0.047, 0.182, 0.982]
	],
	"LeftInnerBrowUp": [
		"oculi02.L": [0.997, 0.074, 0.0, -0.074, 0.997, -0.0, -0.0, 0.0, 1.0],
		"oculi01.L": [0.808, 0.589, 0.0, -0.589, 0.808, -0.0, -0.0, 0.0, 1.0]
	],
	"RightInnerBrowUp": [
		"oculi02.R": [0.997, -0.074, 0.0, 0.074, 0.997, 0.0, -0.0, 0.0, 1.0],
		"oculi01.R": [0.808, -0.589, 0.0, 0.589, 0.808, 0.0, -0.0, 0.0, 1.0]
	],
	"NoseWrinkler": [
		"oculi01.L": [0.846, -0.534, 0.0, 0.534, 0.846, 0.0, -0.0, 0.0, 1.0],
		"oculi01.R": [0.846, 0.534, 0.0, -0.534, 0.846, -0.0, -0.0, 0.0, 1.0]
	],
	"LeftUpperLidOpen": [
		"orbicularis03.L": [1.0, 0.0, 0.0, -0.0, 0.953, 0.302, -0.0, -0.302, 0.953]
	],
	"RightUpperLidOpen": [
		"orbicularis03.R": [1.0, 0.0, 0.0, -0.0, 0.953, 0.302, -0.0, -0.302, 0.953]
	],
	"LeftUpperLidClosed": [
		"orbicularis03.L": [1.0, 0.0, 0.0, -0.0, 0.837, -0.548, -0.0, 0.548, 0.837]
	],
	"RightUpperLidClosed": [
		"orbicularis03.R": [1.0, 0.0, 0.0, -0.0, 0.837, -0.548, -0.0, 0.548, 0.837]
	],
	"LeftLowerLidUp": [
		"orbicularis04.L": [1.0, 0.0, 0.0, -0.0, 0.96, 0.28, -0.0, -0.28, 0.96]
	],
	"RightLowerLidUp": [
		"orbicularis04.R": [1.0, 0.0, 0.0, -0.0, 0.96, 0.28, -0.0, -0.28, 0.96]
	],
	"LeftEyeDown": [
		"orbicularis04.L": [1.0, 0.0, 0.0, -0.0, 0.991, -0.136, -0.0, 0.136, 0.991],
		"orbicularis03.L": [1.0, 0.0, 0.0, -0.0, 0.979, -0.206, -0.0, 0.206, 0.979],
		"eye.L": [1.0, 0.0, 0.0, -0.0, 0.932, -0.363, -0.0, 0.363, 0.932]
	],
	"RightEyeDown": [
		"orbicularis03.R": [1.0, -0.0, -0.0, 0.0, 0.979, -0.206, 0.0, 0.206, 0.979],
		"orbicularis04.R": [1.0, -0.0, -0.0, -0.0, 0.991, -0.136, 0.0, 0.136, 0.991],
		"eye.R": [1.0, 0.0, 0.0, -0.0, 0.932, -0.363, -0.0, 0.363, 0.932]
	],
	"LeftEyeUp": [
		"orbicularis03.L": [1.0, 0.0, 0.0, -0.0, 0.995, 0.101, -0.0, -0.101, 0.995],
		"eye.L": [1.0, 0.0, 0.0, -0.0, 0.941, 0.339, -0.0, -0.339, 0.941]
	],
	"RightEyeUp": [
		"orbicularis03.R": [1.0, 0.0, 0.0, -0.0, 0.995, 0.101, -0.0, -0.101, 0.995],
		"eye.R": [1.0, 0.0, 0.0, -0.0, 0.941, 0.339, -0.0, -0.339, 0.941]
	],
	"LeftEyeturnRight": [
		"orbicularis04.L": [0.987, 0.0, -0.162, -0.0, 1.0, 0.0, 0.162, 0.0, 0.987],
		"orbicularis03.L": [0.987, 0.0, -0.162, -0.0, 1.0, 0.0, 0.162, 0.0, 0.987],
		"eye.L": [0.946, 0.0, -0.325, -0.0, 1.0, 0.0, 0.325, 0.0, 0.946]
	],
	"RightEyeturnRight": [
		"orbicularis03.R": [0.988, -0.037, -0.153, 0.037, 0.999, -0.001, 0.152, -0.005, 0.988],
		"orbicularis04.R": [0.989, 0.052, -0.142, -0.052, 0.999, 0.003, 0.142, 0.004, 0.99],
		"eye.R": [0.947, 0.02, -0.321, -0.019, 1.0, 0.005, 0.321, 0.002, 0.947]
	],
	"LeftEyeturnLeft": [
		"orbicularis04.L": [0.989, -0.052, 0.142, 0.052, 0.999, 0.003, -0.142, 0.004, 0.99],
		"orbicularis03.L": [0.988, 0.037, 0.153, -0.037, 0.999, -0.001, -0.152, -0.005, 0.988],
		"eye.L": [0.947, -0.02, 0.321, 0.019, 1.0, 0.005, -0.321, 0.002, 0.947]
	],
	"RightEyeturnLeft": [
		"orbicularis03.R": [0.987, 0.0, 0.162, -0.0, 1.0, -0.0, -0.162, 0.0, 0.987],
		"orbicularis04.R": [0.987, 0.0, 0.162, -0.0, 1.0, -0.0, -0.162, 0.0, 0.987],
		"eye.R": [0.946, 0.0, 0.325, -0.0, 1.0, -0.0, -0.325, 0.0, 0.946]
	],
	"LeftCheekUp": [
		"temporalis02.L": [1.0, 0.012, -0.011, -0.009, 0.985, 0.17, 0.013, -0.17, 0.985],
		"risorius02.L": [0.978, 0.169, 0.122, -0.198, 0.937, 0.286, -0.066, -0.304, 0.95],
		"risorius03.L": [0.971, -0.218, 0.099, 0.239, 0.897, -0.372, -0.008, 0.385, 0.923]
	],
	"RightCheekUp": [
		"temporalis02.R": [1.0, -0.012, 0.011, 0.009, 0.985, 0.17, -0.013, -0.17, 0.985],
		"risorius02.R": [0.978, -0.169, -0.122, 0.198, 0.937, 0.286, 0.066, -0.304, 0.95],
		"risorius03.R": [0.971, 0.218, -0.099, -0.239, 0.897, -0.372, 0.008, 0.385, 0.923]
	],
	"CheeksPump": [
		"levator02.L": [0.998, 0.062, 0.0, -0.062, 0.998, -0.0, -0.0, 0.0, 1.0],
		"levator03.L": [1.0, 0.0, -0.004, -0.0, 0.998, 0.071, 0.004, -0.071, 0.997],
		"levator04.L": [0.999, 0.054, 0.0, -0.054, 0.999, -0.0, -0.0, 0.0, 1.0],
		"oris04.R": [0.997, -0.072, 0.0, 0.072, 0.997, 0.0, -0.0, 0.0, 1.0],
		"oris06": [1.0, 0.0, 0.0, -0.0, 0.986, 0.169, -0.0, -0.169, 0.986],
		"oris04.L": [0.997, 0.072, -0.0, -0.072, 0.997, 0.0, 0.0, 0.0, 1.0],
		"levator02.R": [0.998, -0.062, 0.0, 0.062, 0.998, 0.0, -0.0, 0.0, 1.0],
		"levator03.R": [1.0, -0.0, 0.004, 0.0, 0.998, 0.071, -0.004, -0.071, 0.997],
		"levator04.R": [0.999, -0.054, 0.0, 0.054, 0.999, 0.0, -0.0, 0.0, 1.0],
		"oris01": [1.0, 0.0, 0.0, -0.0, 0.957, -0.29, -0.0, 0.29, 0.957],
		"oris07.R": [0.996, 0.093, 0.0, -0.093, 0.996, -0.0, -0.0, 0.0, 1.0],
		"oris07.L": [0.996, -0.093, -0.0, 0.093, 0.996, -0.0, 0.0, 0.0, 1.0],
		"temporalis02.R": [0.985, 0.172, 0.022, -0.173, 0.977, 0.123, -0.0, -0.125, 0.992],
		"risorius02.R": [0.915, 0.354, 0.191, -0.375, 0.923, 0.083, -0.147, -0.148, 0.978],
		"risorius03.R": [0.835, -0.331, -0.439, 0.459, 0.86, 0.225, 0.303, -0.389, 0.87],
		"temporalis02.L": [0.985, -0.172, -0.022, 0.173, 0.977, 0.123, 0.0, -0.125, 0.992],
		"risorius02.L": [0.915, -0.354, -0.191, 0.375, 0.923, 0.083, 0.147, -0.148, 0.978],
		"risorius03.L": [0.835, 0.331, 0.439, -0.459, 0.86, 0.225, -0.303, -0.389, 0.87]
	],
	"CheeksSuck": [
		"risorius02.R": [1.0, 0.018, -0.004, -0.018, 0.997, -0.075, 0.003, 0.075, 0.997],
		"risorius03.R": [0.961, -0.272, -0.055, 0.273, 0.962, 0.022, 0.047, -0.036, 0.998],
		"risorius02.L": [1.0, -0.018, 0.004, 0.018, 0.997, -0.075, -0.003, 0.075, 0.997],
		"risorius03.L": [0.961, 0.272, 0.055, -0.273, 0.962, 0.022, -0.047, -0.036, 0.998]
	],
	"NasolabialDeepener": [
		"levator03.L": [0.981, -0.194, -0.0, 0.194, 0.981, -0.0, 0.0, 0.0, 1.0],
		"levator04.L": [0.993, 0.118, 0.0, -0.118, 0.993, -0.0, -0.0, 0.0, 1.0],
		"levator03.R": [0.981, 0.194, 0.0, -0.194, 0.981, -0.0, -0.0, 0.0, 1.0],
		"levator04.R": [0.993, -0.118, 0.0, 0.118, 0.993, 0.0, -0.0, 0.0, 1.0],
		"levator06.R": [0.991, 0.036, 0.13, 0.004, 0.955, -0.297, -0.135, 0.294, 0.946],
		"levator06.L": [1.0, 0.0, 0.0, -0.0, 0.946, -0.324, -0.0, 0.324, 0.946],
		"risorius03.R": [0.993, -0.116, -0.03, 0.12, 0.982, 0.149, 0.012, -0.151, 0.988],
		"risorius03.L": [0.993, 0.116, 0.03, -0.12, 0.982, 0.149, -0.012, -0.151, 0.988]
	],
	"ChinLeft": [
		"levator03.L": [1.0, -0.028, -0.002, 0.028, 1.0, -0.0, 0.002, 0.0, 1.0],
		"oris04.R": [0.995, -0.096, 0.0, 0.096, 0.995, 0.0, -0.0, -0.0, 1.0],
		"oris04.L": [0.998, -0.055, -0.003, 0.055, 0.998, -0.0, 0.003, 0.0, 1.0],
		"levator04.R": [0.993, -0.117, 0.0, 0.117, 0.993, 0.0, -0.0, 0.0, 1.0],
		"jaw": [0.996, -0.0, 0.085, 0.0, 1.0, 0.0, -0.085, 0.0, 0.996],
		"oris02": [0.999, -0.037, -0.0, 0.037, 0.999, 0.003, 0.0, -0.003, 1.0],
		"oris06.R": [0.999, -0.035, -0.0, 0.035, 0.999, 0.003, 0.0, -0.003, 1.0]
	],
	"ChinRight": [
		"levator04.L": [0.993, 0.117, 0.0, -0.117, 0.993, -0.0, -0.0, 0.0, 1.0],
		"levator03.R": [1.0, 0.028, 0.002, -0.028, 1.0, -0.0, -0.002, 0.0, 1.0],
		"jaw": [0.996, 0.0, -0.085, -0.0, 1.0, 0.0, 0.085, 0.0, 0.996],
		"oris02": [0.999, 0.037, 0.0, -0.037, 0.999, 0.003, -0.0, -0.003, 1.0],
		"oris06.L": [0.999, 0.035, 0.0, -0.035, 0.999, 0.003, -0.0, -0.003, 1.0]
	],
	"ChinDown": [
		"levator04.L": [0.993, 0.118, 0.0, -0.118, 0.993, -0.002, -0.001, 0.002, 1.0],
		"levator05.L": [0.995, -0.101, 0.0, 0.101, 0.995, 0.0, -0.0, 0.0, 1.0],
		"special01": [1.0, 0.0, 0.0, -0.0, 0.999, -0.039, -0.0, 0.039, 0.999],
		"oris04.R": [0.997, -0.08, 0.017, 0.081, 0.99, -0.115, -0.008, 0.116, 0.993],
		"oris06": [1.0, 0.0, 0.0, -0.0, 0.995, -0.098, -0.0, 0.098, 0.995],
		"oris05": [1.0, 0.0, 0.0, -0.0, 0.998, -0.059, -0.0, 0.059, 0.998],
		"oris04.L": [0.992, 0.121, -0.028, -0.124, 0.986, -0.114, 0.013, 0.116, 0.993],
		"levator04.R": [0.993, -0.118, -0.0, 0.118, 0.993, -0.002, 0.001, 0.002, 1.0],
		"levator05.R": [0.995, 0.101, 0.0, -0.101, 0.995, -0.0, -0.0, 0.0, 1.0],
		"jaw": [1.0, 0.0, 0.0, -0.0, 0.994, -0.106, -0.0, 0.106, 0.994],
		"special04": [1.0, 0.0, 0.0, -0.0, 0.954, 0.3, -0.0, -0.3, 0.954],
		"oris02": [1.0, 0.0, 0.0, -0.0, 0.88, -0.474, -0.0, 0.474, 0.88],
		"oris01": [1.0, 0.0, 0.0, -0.0, 0.996, 0.095, -0.0, -0.095, 0.996],
		"oris06.R": [0.997, -0.055, 0.052, 0.073, 0.878, -0.473, -0.02, 0.475, 0.88],
		"oris07.R": [0.99, 0.113, -0.079, -0.128, 0.968, -0.216, 0.052, 0.224, 0.973],
		"oris06.L": [0.997, 0.055, -0.052, -0.073, 0.878, -0.473, 0.02, 0.475, 0.88],
		"oris07.L": [0.99, -0.113, 0.079, 0.128, 0.968, -0.216, -0.052, 0.224, 0.973]
	],
	"ChinForward": [
		"jaw": [1.0, 0.0, 0.0, -0.0, 0.999, 0.052, -0.0, -0.052, 0.999],
		"special04": [1.0, 0.0, 0.0, -0.0, 0.985, -0.175, -0.0, 0.175, 0.985],
		"oris02": [1.0, 0.0, 0.0, -0.0, 0.999, 0.04, -0.0, -0.04, 0.999],
		"oris01": [1.0, 0.0, 0.0, -0.0, 0.983, 0.185, -0.0, -0.185, 0.983],
		"oris06.R": [1.0, 0.0, 0.0, -0.0, 0.996, 0.089, -0.0, -0.089, 0.996],
		"oris06.L": [1.0, 0.0, 0.0, -0.0, 0.988, 0.154, -0.0, -0.154, 0.988]
	],
	"lowerLipUp": [
		"jaw": [1.0, 0.0, 0.0, -0.0, 0.998, 0.057, -0.0, -0.057, 0.998],
		"oris01": [1.0, 0.0, 0.0, -0.0, 0.857, -0.515, -0.0, 0.515, 0.857],
		"oris07.R": [1.0, -0.021, -0.0, 0.021, 0.996, -0.082, 0.002, 0.082, 0.997],
		"oris07.L": [1.0, 0.021, 0.0, -0.021, 0.996, -0.082, -0.002, 0.082, 0.997]
	],
	"lowerLipDown": [
		"special04": [1.0, 0.0, 0.0, -0.0, 0.851, -0.525, -0.0, 0.525, 0.851],
		"oris02": [1.0, 0.0, 0.0, -0.0, 0.558, 0.83, -0.0, -0.83, 0.558],
		"oris06.R": [1.0, 0.0, 0.0, -0.0, 0.517, 0.856, -0.0, -0.856, 0.517],
		"oris06.L": [1.0, 0.0, 0.0, -0.0, 0.517, 0.856, -0.0, -0.856, 0.517]
	],
	"lowerLipBackward": [
		"levator05.L": [0.932, 0.356, -0.077, -0.362, 0.928, -0.09, 0.039, 0.111, 0.993],
		"oris05": [1.0, 0.0, 0.0, -0.0, 0.969, -0.247, -0.0, 0.247, 0.969],
		"levator05.R": [0.932, -0.356, 0.077, 0.362, 0.928, -0.09, -0.039, 0.111, 0.993],
		"oris02": [1.0, 0.0, 0.0, -0.0, 0.998, 0.068, -0.0, -0.068, 0.998],
		"oris01": [1.0, 0.0, 0.0, -0.0, 0.558, 0.83, -0.0, -0.83, 0.558],
		"oris06.R": [1.0, 0.0, 0.0, -0.0, 0.998, -0.065, -0.0, 0.065, 0.998],
		"oris07.R": [0.882, 0.426, 0.203, -0.462, 0.865, 0.193, -0.094, -0.264, 0.96],
		"oris06.L": [1.0, -0.0, -0.0, 0.0, 0.998, -0.065, 0.0, 0.065, 0.998],
		"oris07.L": [0.882, -0.426, -0.203, 0.462, 0.865, 0.193, 0.094, -0.264, 0.96]
	],
	"lowerLipForward": [
		"oris02": [1.0, 0.0, 0.0, -0.0, 0.981, -0.193, -0.0, 0.193, 0.981],
		"oris01": [1.0, 0.0, 0.0, -0.0, 0.869, -0.494, -0.0, 0.494, 0.869],
		"oris06.R": [0.871, -0.39, -0.3, 0.461, 0.858, 0.225, 0.17, -0.334, 0.927],
		"oris07.R": [0.793, 0.216, -0.569, -0.508, 0.75, -0.424, 0.335, 0.626, 0.704],
		"oris06.L": [0.871, 0.39, 0.3, -0.461, 0.858, 0.225, -0.17, -0.334, 0.927],
		"oris07.L": [0.793, -0.216, 0.569, 0.508, 0.75, -0.424, -0.335, 0.626, 0.704]
	],
	"UpperLipUp": [
		"special01": [1.0, 0.0, 0.0, -0.0, 1.0, 0.017, -0.0, -0.017, 1.0],
		"oris04.R": [0.981, 0.193, 0.004, -0.193, 0.981, -0.0, -0.004, -0.0, 1.0],
		"oris04.L": [0.981, -0.193, -0.004, 0.193, 0.981, -0.0, 0.004, -0.0, 1.0]
	],
	"UpperLipBackward": [
		"levator03.L": [1.0, -0.015, -0.002, 0.015, 0.999, 0.051, 0.002, -0.051, 0.999],
		"levator05.L": [1.0, 0.0, 0.032, 0.012, 0.924, -0.382, -0.029, 0.382, 0.924],
		"special01": [1.0, 0.0, 0.0, -0.0, 0.999, -0.037, -0.0, 0.037, 0.999],
		"oris03.R": [0.845, -0.068, 0.53, 0.46, 0.598, -0.656, -0.272, 0.798, 0.537],
		"oris06": [1.0, 0.0, 0.0, -0.0, 0.965, -0.263, -0.0, 0.263, 0.965],
		"oris05": [1.0, 0.0, 0.0, -0.0, 0.78, -0.625, -0.0, 0.625, 0.78],
		"oris04.L": [1.0, 0.019, -0.001, -0.019, 1.0, 0.0, 0.001, 0.0, 1.0],
		"oris03.L": [0.845, 0.068, -0.53, -0.46, 0.598, -0.656, 0.272, 0.798, 0.537],
		"levator03.R": [1.0, 0.015, 0.002, -0.015, 0.999, 0.051, -0.002, -0.051, 0.999],
		"levator05.R": [1.0, -0.0, -0.032, -0.012, 0.924, -0.382, 0.029, 0.382, 0.924],
		"special03": [1.0, 0.0, 0.0, -0.0, 1.0, -0.013, -0.0, 0.013, 1.0],
		"levator06.R": [0.996, -0.089, 0.017, 0.087, 0.991, 0.097, -0.026, -0.095, 0.995],
		"levator06.L": [0.996, 0.089, -0.017, -0.087, 0.991, 0.097, 0.026, -0.095, 0.995],
		"special04": [1.0, 0.0, 0.0, -0.0, 0.995, 0.097, -0.0, -0.097, 0.995],
		"oris02": [1.0, 0.0, 0.0, -0.0, 0.992, -0.129, -0.0, 0.129, 0.992],
		"oris01": [1.0, 0.0, 0.0, -0.0, 0.991, 0.133, -0.0, -0.133, 0.991],
		"oris06.R": [1.0, 0.0, 0.0, -0.0, 0.992, -0.129, -0.0, 0.129, 0.992],
		"oris06.L": [1.0, 0.0, 0.0, -0.0, 0.992, -0.129, -0.0, 0.129, 0.992],
		"oris07.L": [0.999, 0.046, 0.006, -0.046, 0.999, -0.0, -0.006, -0.0, 1.0]
	],
	"UpperLipForward": [
		"levator04.L": [0.999, -0.036, -0.013, 0.038, 0.972, 0.232, 0.004, -0.232, 0.973],
		"oris04.R": [0.997, -0.004, 0.077, -0.053, 0.694, 0.718, -0.056, -0.72, 0.692],
		"oris03.R": [0.933, 0.21, -0.294, -0.236, 0.97, -0.058, 0.273, 0.124, 0.954],
		"oris06": [1.0, 0.0, 0.0, -0.0, 0.72, 0.694, -0.0, -0.694, 0.72],
		"oris05": [1.0, 0.0, 0.0, -0.0, 0.645, -0.764, -0.0, 0.764, 0.645],
		"oris04.L": [0.997, 0.004, -0.077, 0.053, 0.694, 0.718, 0.056, -0.72, 0.692],
		"oris03.L": [0.933, -0.21, 0.294, 0.236, 0.97, -0.058, -0.273, 0.124, 0.954],
		"levator04.R": [0.999, 0.036, 0.013, -0.038, 0.972, 0.232, -0.004, -0.232, 0.973]
	],
	"UpperLipStretched": [
		"levator02.L": [0.913, -0.39, 0.117, 0.405, 0.902, -0.15, -0.047, 0.184, 0.982],
		"levator03.L": [0.997, 0.053, -0.047, -0.057, 0.995, -0.086, 0.043, 0.089, 0.995],
		"levator04.L": [0.995, 0.082, -0.061, -0.095, 0.96, -0.264, 0.037, 0.268, 0.963],
		"levator05.L": [0.877, 0.478, 0.045, -0.48, 0.875, 0.06, -0.011, -0.074, 0.997],
		"special01": [1.0, 0.0, 0.0, -0.0, 1.0, 0.026, -0.0, -0.026, 1.0],
		"oris04.R": [0.974, -0.122, -0.191, 0.046, 0.93, -0.364, 0.222, 0.346, 0.912],
		"oris03.R": [0.978, 0.2, -0.065, -0.197, 0.979, 0.044, 0.073, -0.031, 0.997],
		"oris05": [1.0, 0.0, 0.0, -0.0, 0.92, -0.392, -0.0, 0.392, 0.92],
		"oris04.L": [0.974, 0.122, 0.191, -0.046, 0.93, -0.364, -0.222, 0.346, 0.912],
		"oris03.L": [0.978, -0.2, 0.065, 0.197, 0.979, 0.044, -0.073, -0.031, 0.997],
		"levator02.R": [0.913, 0.39, -0.117, -0.405, 0.902, -0.15, 0.047, 0.184, 0.982],
		"levator03.R": [0.997, -0.053, 0.047, 0.057, 0.995, -0.086, -0.043, 0.089, 0.995],
		"levator04.R": [0.995, -0.082, 0.061, 0.095, 0.96, -0.264, -0.037, 0.268, 0.963],
		"levator05.R": [0.877, -0.478, -0.045, 0.48, 0.875, 0.06, 0.011, -0.074, 0.997],
		"levator06.R": [0.998, 0.034, 0.047, -0.034, 0.999, -0.008, -0.048, 0.007, 0.999],
		"levator06.L": [0.999, -0.043, -0.032, 0.042, 0.999, -0.024, 0.033, 0.023, 0.999],
		"risorius02.R": [0.99, 0.139, -0.034, -0.143, 0.95, -0.279, -0.007, 0.281, 0.96],
		"risorius03.R": [0.996, 0.086, -0.009, -0.087, 0.986, -0.14, -0.003, 0.141, 0.99],
		"risorius02.L": [0.99, -0.139, 0.034, 0.143, 0.95, -0.279, 0.007, 0.281, 0.96],
		"risorius03.L": [0.996, -0.086, 0.009, 0.087, 0.986, -0.14, 0.003, 0.141, 0.99]
	],
	"JawDrop": [
		"levator02.L": [0.997, 0.075, 0.0, -0.075, 0.997, -0.0, -0.0, 0.0, 1.0],
		"levator03.L": [1.0, 0.001, 0.008, -0.0, 0.995, -0.103, -0.008, 0.103, 0.995],
		"levator04.L": [0.986, 0.165, -0.019, -0.165, 0.96, -0.227, -0.019, 0.227, 0.974],
		"levator05.L": [0.973, -0.213, -0.092, 0.228, 0.953, 0.199, 0.046, -0.215, 0.976],
		"oris04.R": [0.998, -0.068, 0.001, 0.068, 0.998, -0.0, -0.001, 0.0, 1.0],
		"oris03.R": [0.979, -0.201, -0.037, 0.201, 0.98, -0.002, 0.037, -0.005, 0.999],
		"oris04.L": [0.998, 0.068, -0.001, -0.068, 0.998, -0.0, 0.001, 0.0, 1.0],
		"oris03.L": [0.979, 0.201, 0.037, -0.201, 0.98, -0.002, -0.037, -0.005, 0.999],
		"levator02.R": [0.997, -0.075, 0.0, 0.075, 0.997, 0.0, -0.0, 0.0, 1.0],
		"levator03.R": [1.0, -0.001, -0.008, 0.0, 0.995, -0.103, 0.008, 0.103, 0.995],
		"levator04.R": [0.986, -0.165, 0.019, 0.165, 0.96, -0.227, 0.019, 0.227, 0.974],
		"levator05.R": [0.973, 0.213, 0.092, -0.228, 0.953, 0.199, -0.046, -0.215, 0.976],
		"jaw": [1.0, 0.0, 0.0, -0.0, 0.939, -0.345, -0.0, 0.345, 0.939],
		"oris01": [1.0, 0.0, 0.0, -0.0, 0.967, 0.256, -0.0, -0.256, 0.967],
		"oris06.R": [0.999, 0.044, 0.005, -0.044, 0.999, 0.001, -0.005, -0.001, 1.0],
		"oris07.R": [0.987, 0.15, -0.05, -0.15, 0.989, 0.014, 0.052, -0.007, 0.999],
		"oris06.L": [0.999, -0.044, -0.005, 0.044, 0.999, 0.001, 0.005, -0.001, 1.0],
		"oris07.L": [0.987, -0.15, 0.05, 0.15, 0.989, 0.014, -0.052, -0.007, 0.999],
		"risorius03.R": [0.95, -0.274, -0.149, 0.294, 0.946, 0.134, 0.104, -0.172, 0.98],
		"risorius03.L": [0.95, 0.274, 0.149, -0.294, 0.946, 0.134, -0.104, -0.172, 0.98]
	],
	"JawDropStretched": [
		"levator02.L": [1.0, 0.004, 0.0, -0.004, 1.0, -0.0, -0.0, 0.0, 1.0],
		"levator03.L": [0.993, 0.111, -0.036, -0.116, 0.937, -0.33, -0.003, 0.332, 0.943],
		"levator05.L": [0.876, -0.483, -0.001, 0.483, 0.876, 0.001, 0.0, -0.001, 1.0],
		"oris04.R": [0.988, 0.149, -0.036, -0.149, 0.989, 0.004, 0.036, 0.001, 0.999],
		"oris03.R": [1.0, -0.011, -0.002, 0.011, 1.0, 0.0, 0.002, -0.0, 1.0],
		"oris06": [1.0, 0.0, 0.0, -0.0, 0.817, -0.577, -0.0, 0.577, 0.817],
		"oris05": [1.0, 0.0, 0.0, -0.0, 0.996, -0.089, -0.0, 0.089, 0.996],
		"oris04.L": [0.988, -0.149, 0.036, 0.149, 0.989, 0.004, -0.036, 0.001, 0.999],
		"oris03.L": [1.0, 0.011, 0.002, -0.011, 1.0, 0.0, -0.002, -0.0, 1.0],
		"levator02.R": [1.0, -0.004, 0.0, 0.004, 1.0, 0.0, -0.0, 0.0, 1.0],
		"levator03.R": [0.993, -0.111, 0.036, 0.116, 0.937, -0.33, 0.003, 0.332, 0.943],
		"levator05.R": [0.876, 0.483, 0.001, -0.483, 0.876, 0.001, -0.0, -0.001, 1.0],
		"levator06.R": [1.0, 0.0, 0.0, -0.0, 0.985, -0.17, -0.0, 0.17, 0.985],
		"levator06.L": [1.0, 0.0, 0.0, -0.0, 0.985, -0.17, -0.0, 0.17, 0.985],
		"jaw": [1.0, 0.0, 0.0, -0.0, 0.912, -0.411, -0.0, 0.411, 0.912],
		"tongue00": [1.0, 0.0, 0.0, -0.0, 0.999, -0.033, -0.0, 0.033, 0.999],
		"tongue01": [1.0, 0.0, 0.0, -0.0, 1.0, 0.014, -0.0, -0.014, 1.0],
		"tongue03": [1.0, 0.0, 0.0, -0.0, 1.0, -0.021, -0.0, 0.021, 1.0],
		"tongue06.R": [1.0, 0.011, 0.02, -0.011, 1.0, -0.0, -0.02, 0.0, 1.0],
		"tongue06.L": [1.0, -0.011, -0.02, 0.011, 1.0, -0.0, 0.02, 0.0, 1.0],
		"tongue05.L": [1.0, -0.021, -0.012, 0.021, 1.0, -0.004, 0.012, 0.003, 1.0],
		"tongue05.R": [1.0, 0.021, 0.012, -0.021, 1.0, -0.004, -0.012, 0.003, 1.0],
		"oris01": [1.0, 0.0, 0.0, -0.0, 0.923, 0.385, -0.0, -0.385, 0.923],
		"oris06.R": [0.999, -0.045, 0.007, 0.045, 0.999, -0.0, -0.007, 0.001, 1.0],
		"oris07.R": [1.0, -0.0, 0.0, 0.0, 1.0, -0.009, -0.0, 0.009, 1.0],
		"oris06.L": [0.999, 0.045, -0.007, -0.045, 0.999, -0.0, 0.007, 0.001, 1.0],
		"oris07.L": [1.0, 0.0, -0.0, -0.0, 1.0, -0.009, 0.0, 0.009, 1.0],
		"risorius02.R": [1.0, 0.005, -0.029, -0.011, 0.974, -0.225, 0.027, 0.225, 0.974],
		"risorius03.R": [1.0, -0.011, -0.0, 0.011, 0.995, -0.097, 0.001, 0.097, 0.995],
		"risorius02.L": [1.0, -0.005, 0.029, 0.011, 0.974, -0.225, -0.027, 0.225, 0.974],
		"risorius03.L": [1.0, 0.011, 0.0, -0.011, 0.995, -0.097, -0.001, 0.097, 0.995]
	],
	"LipsKiss": [
		"levator02.L": [0.989, 0.148, 0.0, -0.148, 0.989, 0.0, -0.0, -0.0, 1.0],
		"levator03.L": [0.999, 0.04, 0.0, -0.04, 0.999, -0.0, -0.0, 0.0, 1.0],
		"oris04.R": [0.987, -0.16, 0.0, 0.16, 0.987, 0.0, -0.0, -0.0, 1.0],
		"oris04.L": [0.987, 0.16, -0.0, -0.16, 0.987, 0.0, 0.0, -0.0, 1.0],
		"levator02.R": [0.989, -0.148, -0.0, 0.148, 0.989, 0.0, -0.0, -0.0, 1.0],
		"levator03.R": [0.999, -0.04, 0.0, 0.04, 0.999, 0.0, -0.0, 0.0, 1.0],
		"oris01": [1.0, 0.0, 0.0, -0.0, 0.969, -0.248, -0.0, 0.248, 0.969],
		"oris07.R": [0.972, 0.233, -0.033, -0.235, 0.962, -0.138, -0.0, 0.142, 0.99],
		"oris07.L": [0.972, -0.233, 0.033, 0.235, 0.962, -0.138, 0.0, 0.142, 0.99]
	],
	"MouthMoveLeft": [
		"levator02.L": [0.938, -0.346, -0.0, 0.346, 0.938, -0.0, 0.0, 0.0, 1.0],
		"levator03.L": [0.874, 0.485, 0.0, -0.485, 0.874, 0.0, -0.0, -0.0, 1.0],
		"levator04.L": [0.914, -0.405, 0.029, 0.404, 0.903, -0.147, 0.033, 0.146, 0.989],
		"oris04.R": [0.996, -0.087, -0.0, 0.087, 0.996, 0.003, 0.0, -0.003, 1.0],
		"oris03.R": [1.0, -0.023, -0.011, 0.021, 0.993, -0.114, 0.013, 0.113, 0.993],
		"oris06": [0.987, -0.159, -0.001, 0.159, 0.987, 0.005, 0.0, -0.005, 1.0],
		"oris04.L": [0.987, -0.01, 0.16, 0.01, 1.0, -0.002, -0.16, 0.004, 0.987],
		"levator02.R": [0.997, -0.076, 0.0, 0.076, 0.997, 0.0, -0.0, 0.0, 1.0],
		"levator03.R": [0.992, -0.127, 0.0, 0.127, 0.992, 0.0, -0.0, 0.0, 1.0],
		"levator04.R": [0.976, -0.216, -0.039, 0.219, 0.971, 0.094, 0.018, -0.1, 0.995],
		"levator05.R": [0.916, 0.333, 0.222, -0.375, 0.908, 0.184, -0.141, -0.252, 0.957],
		"levator06.R": [0.979, -0.203, -0.0, 0.203, 0.979, -0.0, 0.0, 0.0, 1.0],
		"levator06.L": [0.995, -0.057, -0.079, 0.056, 0.998, -0.004, 0.079, 0.0, 0.997],
		"special04": [0.981, -0.0, 0.194, 0.0, 1.0, 0.0, -0.194, 0.0, 0.981],
		"oris02": [0.998, 0.06, -0.001, -0.06, 0.998, -0.012, 0.0, 0.012, 1.0],
		"oris01": [0.983, -0.181, -0.01, 0.181, 0.983, 0.035, 0.003, -0.037, 0.999],
		"oris06.R": [0.992, 0.125, 0.01, -0.125, 0.992, -0.002, -0.011, 0.001, 1.0],
		"oris07.R": [0.977, -0.215, -0.014, 0.214, 0.976, -0.041, 0.023, 0.037, 0.999],
		"oris07.L": [0.974, -0.225, -0.016, 0.226, 0.973, 0.044, 0.005, -0.046, 0.999],
		"risorius03.R": [0.998, -0.061, -0.022, 0.065, 0.968, 0.241, 0.007, -0.242, 0.97]
	],
	"MouthMoveRight": [
		"levator02.L": [0.997, 0.076, 0.0, -0.076, 0.997, -0.0, -0.0, 0.0, 1.0],
		"levator03.L": [0.992, 0.127, 0.0, -0.127, 0.992, -0.0, -0.0, 0.0, 1.0],
		"levator04.L": [0.976, 0.216, 0.039, -0.219, 0.971, 0.094, -0.018, -0.1, 0.995],
		"levator05.L": [0.916, -0.333, -0.222, 0.375, 0.908, 0.184, 0.141, -0.252, 0.957],
		"oris04.R": [0.987, 0.01, -0.16, -0.01, 1.0, -0.002, 0.16, 0.004, 0.987],
		"oris06": [0.992, 0.124, 0.001, -0.124, 0.992, 0.004, -0.0, -0.004, 1.0],
		"oris04.L": [0.996, 0.087, 0.0, -0.087, 0.996, 0.003, -0.0, -0.003, 1.0],
		"levator02.R": [0.938, 0.346, 0.0, -0.346, 0.938, -0.0, -0.0, 0.0, 1.0],
		"levator03.R": [0.874, -0.485, -0.0, 0.485, 0.874, 0.0, 0.0, -0.0, 1.0],
		"levator04.R": [0.914, 0.405, -0.029, -0.404, 0.903, -0.147, -0.033, 0.146, 0.989],
		"levator06.R": [0.995, 0.057, 0.079, -0.056, 0.998, -0.004, -0.079, 0.0, 0.997],
		"levator06.L": [0.979, 0.203, 0.0, -0.203, 0.979, -0.0, -0.0, 0.0, 1.0],
		"special04": [0.981, 0.0, -0.194, -0.0, 1.0, 0.0, 0.194, 0.0, 0.981],
		"oris02": [0.998, -0.06, 0.001, 0.06, 0.998, -0.012, -0.0, 0.012, 1.0],
		"oris01": [0.983, 0.181, 0.01, -0.181, 0.983, 0.035, -0.003, -0.037, 0.999],
		"oris07.R": [0.974, 0.225, 0.016, -0.226, 0.973, 0.044, -0.005, -0.046, 0.999],
		"oris06.L": [0.992, -0.125, -0.01, 0.125, 0.992, -0.002, 0.011, 0.001, 1.0],
		"oris07.L": [0.977, 0.215, 0.014, -0.214, 0.976, -0.041, -0.023, 0.037, 0.999],
		"risorius03.L": [0.998, 0.061, 0.022, -0.065, 0.968, 0.241, -0.007, -0.242, 0.97]
	],
	"MouthLeftPullUp": [
		"levator02.L": [0.913, -0.39, 0.117, 0.405, 0.902, -0.15, -0.047, 0.184, 0.982],
		"levator03.L": [0.987, 0.16, 0.031, -0.162, 0.982, 0.094, -0.015, -0.098, 0.995],
		"levator04.L": [0.995, 0.082, -0.061, -0.095, 0.96, -0.264, 0.037, 0.268, 0.963],
		"levator05.L": [0.877, 0.478, 0.045, -0.48, 0.875, 0.06, -0.011, -0.074, 0.997],
		"oris05": [1.0, 0.0, 0.0, -0.0, 0.92, -0.392, -0.0, 0.392, 0.92],
		"oris04.L": [0.974, 0.122, 0.191, -0.046, 0.93, -0.364, -0.222, 0.346, 0.912],
		"levator06.L": [0.999, -0.043, -0.032, 0.042, 0.999, -0.024, 0.033, 0.023, 0.999],
		"special04": [1.0, 0.0, 0.0, -0.0, 0.985, 0.17, -0.0, -0.17, 0.985],
		"oris02": [1.0, 0.0, 0.0, -0.0, 0.981, -0.192, -0.0, 0.192, 0.981],
		"oris01": [0.998, -0.066, 0.002, 0.066, 0.998, 0.0, -0.002, 0.0, 1.0],
		"oris06.R": [1.0, 0.0, 0.0, -0.0, 0.981, -0.192, -0.0, 0.192, 0.981],
		"oris06.L": [1.0, 0.0, 0.0, -0.0, 0.981, -0.192, -0.0, 0.192, 0.981],
		"oris07.L": [0.871, -0.491, 0.029, 0.491, 0.871, -0.015, -0.018, 0.027, 0.999],
		"risorius02.L": [0.998, -0.056, -0.004, 0.055, 0.988, -0.142, 0.012, 0.142, 0.99]
	],
	"MouthRightPullUp": [
		"oris04.R": [0.974, -0.122, -0.191, 0.046, 0.93, -0.364, 0.222, 0.346, 0.912],
		"oris05": [1.0, 0.0, 0.0, -0.0, 0.92, -0.392, -0.0, 0.392, 0.92],
		"levator02.R": [0.913, 0.39, -0.117, -0.405, 0.902, -0.15, 0.047, 0.184, 0.982],
		"levator03.R": [0.987, -0.16, -0.031, 0.162, 0.982, 0.094, 0.015, -0.098, 0.995],
		"levator04.R": [0.995, -0.082, 0.061, 0.095, 0.96, -0.264, -0.037, 0.268, 0.963],
		"levator05.R": [0.877, -0.478, -0.045, 0.48, 0.875, 0.06, 0.011, -0.074, 0.997],
		"levator06.R": [0.998, 0.034, 0.047, -0.034, 0.999, -0.008, -0.048, 0.007, 0.999],
		"special04": [1.0, 0.0, 0.0, -0.0, 0.985, 0.17, -0.0, -0.17, 0.985],
		"oris02": [1.0, 0.0, 0.0, -0.0, 0.981, -0.192, -0.0, 0.192, 0.981],
		"oris01": [0.998, -0.066, 0.002, 0.066, 0.998, 0.0, -0.002, 0.0, 1.0],
		"oris06.R": [1.0, 0.0, 0.0, -0.0, 0.981, -0.192, -0.0, 0.192, 0.981],
		"oris07.R": [0.871, 0.491, -0.029, -0.491, 0.871, -0.015, 0.018, 0.027, 0.999],
		"oris06.L": [1.0, 0.0, 0.0, -0.0, 0.981, -0.192, -0.0, 0.192, 0.981],
		"risorius02.R": [0.998, 0.056, 0.004, -0.055, 0.988, -0.142, -0.012, 0.142, 0.99]
	],
	"MouthLeftPullSide": [
		"levator02.L": [0.997, -0.076, -0.006, 0.073, 0.984, -0.165, 0.019, 0.164, 0.986],
		"levator03.L": [0.983, -0.17, 0.075, 0.177, 0.978, -0.105, -0.055, 0.117, 0.992],
		"levator04.L": [0.995, 0.097, 0.036, -0.098, 0.995, 0.014, -0.034, -0.018, 0.999],
		"levator05.L": [0.988, 0.154, 0.003, -0.154, 0.988, -0.004, -0.004, 0.003, 1.0],
		"oris05": [1.0, 0.0, 0.0, -0.0, 0.92, -0.392, -0.0, 0.392, 0.92],
		"oris04.L": [0.985, -0.142, 0.098, 0.144, 0.989, -0.013, -0.095, 0.027, 0.995],
		"special04": [1.0, 0.0, 0.0, -0.0, 0.985, 0.17, -0.0, -0.17, 0.985],
		"oris02": [1.0, 0.0, 0.0, -0.0, 0.981, -0.192, -0.0, 0.192, 0.981],
		"oris01": [0.998, -0.066, 0.002, 0.066, 0.998, 0.0, -0.002, 0.0, 1.0],
		"oris06.R": [1.0, 0.0, 0.0, -0.0, 0.981, -0.192, -0.0, 0.192, 0.981],
		"oris06.L": [1.0, 0.0, 0.0, -0.0, 0.981, -0.192, -0.0, 0.192, 0.981],
		"oris07.L": [0.999, -0.035, 0.014, 0.035, 0.999, 0.009, -0.015, -0.009, 1.0],
		"risorius02.L": [0.998, -0.056, -0.004, 0.055, 0.988, -0.142, 0.012, 0.142, 0.99]
	],
	"MouthRightPullSide": [
		"oris04.R": [0.985, 0.142, -0.098, -0.144, 0.989, -0.013, 0.095, 0.027, 0.995],
		"oris05": [1.0, 0.0, 0.0, -0.0, 0.92, -0.392, -0.0, 0.392, 0.92],
		"levator02.R": [0.997, 0.076, 0.006, -0.073, 0.984, -0.165, -0.019, 0.164, 0.986],
		"levator03.R": [0.983, 0.17, -0.075, -0.177, 0.978, -0.105, 0.055, 0.117, 0.992],
		"levator04.R": [0.995, -0.097, -0.036, 0.098, 0.995, 0.014, 0.034, -0.018, 0.999],
		"levator05.R": [0.988, -0.154, -0.003, 0.154, 0.988, -0.004, 0.004, 0.003, 1.0],
		"special04": [1.0, 0.0, 0.0, -0.0, 0.985, 0.17, -0.0, -0.17, 0.985],
		"oris02": [1.0, 0.0, 0.0, -0.0, 0.981, -0.192, -0.0, 0.192, 0.981],
		"oris01": [0.998, 0.066, -0.002, -0.066, 0.998, 0.0, 0.002, 0.0, 1.0],
		"oris06.R": [1.0, 0.0, 0.0, -0.0, 0.981, -0.192, -0.0, 0.192, 0.981],
		"oris07.R": [0.999, 0.035, -0.014, -0.035, 0.999, 0.009, 0.015, -0.009, 1.0],
		"risorius02.R": [0.998, 0.056, 0.004, -0.055, 0.988, -0.142, -0.012, 0.142, 0.99]
	],
	"MouthLeftPullDown": [
		"levator02.L": [0.999, 0.036, 0.0, -0.036, 0.999, -0.0, -0.0, 0.0, 1.0],
		"levator03.L": [0.999, -0.049, 0.0, 0.049, 0.999, 0.0, -0.0, 0.0, 1.0],
		"levator04.L": [0.99, 0.14, 0.0, -0.14, 0.99, -0.0, -0.0, 0.0, 1.0],
		"levator05.L": [0.916, -0.334, -0.224, 0.376, 0.908, 0.185, 0.141, -0.253, 0.957],
		"oris04.L": [0.985, 0.174, 0.0, -0.174, 0.985, 0.0, -0.0, -0.0, 1.0],
		"oris03.L": [1.0, 0.023, 0.011, -0.021, 0.993, -0.114, -0.013, 0.114, 0.993],
		"special04": [1.0, 0.0, 0.0, -0.0, 1.0, 0.028, -0.0, -0.028, 1.0],
		"oris01": [1.0, 0.0, 0.0, -0.0, 0.999, 0.05, -0.0, -0.05, 0.999],
		"oris06.L": [0.992, -0.125, -0.011, 0.125, 0.992, -0.002, 0.011, 0.001, 1.0],
		"oris07.L": [0.819, 0.524, 0.234, -0.554, 0.827, 0.09, -0.146, -0.203, 0.968]
	],
	"MouthRightPullDown": [
		"oris04.R": [0.985, -0.174, -0.0, 0.174, 0.985, 0.0, 0.0, -0.0, 1.0],
		"oris03.R": [1.0, -0.023, -0.011, 0.021, 0.993, -0.114, 0.013, 0.114, 0.993],
		"levator02.R": [0.999, -0.036, 0.0, 0.036, 0.999, 0.0, -0.0, 0.0, 1.0],
		"levator03.R": [0.999, 0.049, 0.0, -0.049, 0.999, -0.0, -0.0, 0.0, 1.0],
		"levator04.R": [0.99, -0.14, 0.0, 0.14, 0.99, 0.0, -0.0, 0.0, 1.0],
		"levator05.R": [0.916, 0.334, 0.224, -0.376, 0.908, 0.185, -0.141, -0.253, 0.957],
		"oris06.R": [0.992, 0.125, 0.011, -0.125, 0.992, -0.002, -0.011, 0.001, 1.0],
		"oris07.R": [0.819, -0.524, -0.234, 0.554, 0.827, 0.09, 0.146, -0.203, 0.968]
	],
	"MouthLeftPlatysma": [
		"levator02.L": [0.99, 0.137, 0.016, -0.137, 0.966, 0.22, 0.015, -0.221, 0.975],
		"levator03.L": [0.97, -0.132, 0.206, 0.218, 0.846, -0.486, -0.11, 0.516, 0.849],
		"levator04.L": [0.997, 0.07, 0.012, -0.07, 0.997, 0.02, -0.011, -0.021, 1.0],
		"levator05.L": [0.916, -0.334, -0.224, 0.376, 0.908, 0.185, 0.141, -0.253, 0.957],
		"oris04.L": [0.985, 0.174, 0.0, -0.174, 0.985, 0.0, -0.0, -0.0, 1.0],
		"oris03.L": [1.0, 0.023, 0.011, -0.021, 0.993, -0.114, -0.013, 0.114, 0.993],
		"special04": [1.0, 0.0, 0.0, -0.0, 1.0, 0.028, -0.0, -0.028, 1.0],
		"oris01": [1.0, 0.0, 0.0, -0.0, 0.999, 0.05, -0.0, -0.05, 0.999],
		"oris06.L": [0.992, -0.125, -0.011, 0.125, 0.992, -0.002, 0.011, 0.001, 1.0],
		"oris07.L": [0.492, -0.18, 0.852, -0.329, 0.867, 0.374, -0.806, -0.464, 0.368]
	],
	"MouthRightPlatysma": [
		"oris04.R": [0.985, -0.174, -0.0, 0.174, 0.985, 0.0, 0.0, -0.0, 1.0],
		"oris03.R": [1.0, -0.023, -0.011, 0.021, 0.993, -0.114, 0.013, 0.114, 0.993],
		"levator02.R": [0.99, -0.137, -0.016, 0.137, 0.966, 0.22, -0.015, -0.221, 0.975],
		"levator03.R": [0.97, 0.132, -0.206, -0.218, 0.846, -0.486, 0.11, 0.516, 0.849],
		"levator04.R": [0.997, -0.07, -0.012, 0.07, 0.997, 0.02, 0.011, -0.021, 1.0],
		"levator05.R": [0.916, 0.334, 0.224, -0.376, 0.908, 0.185, -0.141, -0.253, 0.957],
		"oris06.R": [0.992, 0.125, 0.011, -0.125, 0.992, -0.002, -0.011, 0.001, 1.0],
		"oris07.R": [0.492, 0.18, -0.852, 0.329, 0.867, 0.374, 0.806, -0.464, 0.368]
	],
	"TongueOut": [
		"tongue00": [1.0, 0.0, 0.0, -0.0, 0.698, -0.717, -0.0, 0.717, 0.698],
		"tongue01": [1.0, 0.0, 0.0, -0.0, 0.985, 0.17, -0.0, -0.17, 0.985],
		"tongue02": [1.0, 0.0, 0.0, -0.0, 0.842, 0.54, -0.0, -0.54, 0.842],
		"tongue06.R": [0.907, 0.262, 0.329, -0.26, 0.964, -0.05, -0.33, -0.04, 0.943],
		"tongue06.L": [0.907, -0.267, -0.325, 0.266, 0.963, -0.05, 0.327, -0.041, 0.944]
	],
	"TongueUshape": [
		"tongue07.L": [0.666, -0.746, 0.0, 0.746, 0.666, 0.0, -0.0, 0.0, 1.0],
		"tongue07.R": [0.666, 0.746, -0.0, -0.746, 0.666, 0.0, 0.0, 0.0, 1.0],
		"tongue06.R": [0.576, 0.818, -0.0, -0.818, 0.576, 0.0, 0.0, 0.0, 1.0],
		"tongue06.L": [0.576, -0.818, 0.0, 0.818, 0.576, 0.0, -0.0, 0.0, 1.0]
	],
	"TongueUp": [
		"tongue01": [1.0, 0.0, 0.0, -0.0, 0.904, 0.427, -0.0, -0.427, 0.904]
	],
	"TongueDown": [
		"tongue01": [1.0, 0.0, 0.0, -0.0, 0.845, -0.536, -0.0, 0.536, 0.845]
	],
	"TongueLeft": [
		"tongue02": [0.937, 0.146, 0.318, -0.146, 0.989, -0.022, -0.317, -0.026, 0.948],
		"tongue03": [0.981, -0.121, 0.154, 0.019, 0.84, 0.542, -0.195, -0.528, 0.826],
		"tongue07.L": [0.893, -0.251, -0.375, 0.451, 0.49, 0.746, -0.003, -0.835, 0.551],
		"tongue07.R": [0.856, 0.515, 0.044, -0.386, 0.579, 0.718, 0.344, -0.632, 0.695],
		"tongue04": [1.0, 0.008, -0.026, 0.007, 0.855, 0.518, 0.026, -0.518, 0.855],
		"tongue06.R": [0.964, -0.12, -0.237, 0.118, 0.993, -0.025, 0.238, -0.004, 0.971],
		"tongue06.L": [0.852, -0.264, 0.452, 0.222, 0.964, 0.144, -0.474, -0.023, 0.88],
		"tongue05.L": [0.855, 0.017, 0.519, 0.032, 0.996, -0.085, -0.518, 0.089, 0.85],
		"tongue05.R": [0.956, -0.244, 0.164, 0.208, 0.955, 0.21, -0.208, -0.166, 0.964]
	],
	"TongueRight": [
		"tongue02": [0.937, -0.146, -0.318, 0.146, 0.989, -0.022, 0.317, -0.026, 0.948],
		"tongue03": [0.981, 0.121, -0.154, -0.019, 0.84, 0.542, 0.195, -0.528, 0.826],
		"tongue07.L": [0.856, -0.515, -0.044, 0.386, 0.579, 0.718, -0.344, -0.632, 0.695],
		"tongue07.R": [0.893, 0.251, 0.375, -0.451, 0.49, 0.746, 0.003, -0.835, 0.551],
		"tongue04": [1.0, -0.008, 0.026, -0.007, 0.855, 0.518, -0.026, -0.518, 0.855],
		"tongue06.R": [0.852, 0.264, -0.452, -0.222, 0.964, 0.144, 0.474, -0.023, 0.88],
		"tongue06.L": [0.964, 0.12, 0.237, -0.118, 0.993, -0.025, -0.238, -0.004, 0.971],
		"tongue05.L": [0.956, 0.244, -0.164, -0.208, 0.955, 0.21, 0.208, -0.166, 0.964],
		"tongue05.R": [0.855, -0.017, -0.519, -0.032, 0.996, -0.085, 0.518, 0.089, 0.85]
	],
	"TonguePointUp": [
		"tongue03": [1.0, 0.0, 0.0, -0.0, 0.477, 0.879, -0.0, -0.879, 0.477],
		"tongue04": [1.0, 0.0, 0.0, -0.0, 0.642, 0.767, -0.0, -0.767, 0.642]
	],
	"TonguePointDown": [
		"tongue03": [1.0, 0.0, 0.0, -0.0, 0.907, -0.422, -0.0, 0.422, 0.907],
		"tongue04": [1.0, 0.0, 0.0, -0.0, 0.802, -0.598, -0.0, 0.598, 0.802]
	]
}

