{
	"Rest": {},
	"LeftBrow": {
		"group": "eyebrows",
		"rsym": "RightBrow",
       		"reverse":	{
		"eyebrow.L": [0.94, 0.342, -0.016, -0.342, 0.94, 0.004, 0.016, 0.002, 1.0]
		},
       		"bones":	{
		"eyebrow.L": [0.94, -0.342, 0.016, 0.342, 0.94, 0.002, -0.016, 0.004, 1.0]
		}
	},
	"RightBrow": {
		"group": "eyebrows",
		"lsym": "LeftBrow",
       		"reverse":	{
		"eyebrow.R": [0.94, -0.342, 0.002, 0.342, 0.94, 0.001, -0.002, 0.0, 1.0]
		},
       		"bones":	{
		"eyebrow.R": [0.94, 0.342, 0.002, -0.342, 0.94, -0.001, -0.003, 0.0, 1.0]
		}
	},
	"LowerLip": {
		"group": "lips",
		"reverse":	{
		"lowerlip": [1.0, 0.0, 0.0, -0.0, 0.993, 0.116, 0.0, -0.116, 0.993]
		},
       		"bones":	{
		"lowerlip": [1.0, 0.0, 0.0, 0.0, 0.994, -0.106, -0.0, 0.106, 0.994]
		}
	},
	"UpperLip": {
		"group": "lips",
		"reverse": {
		"upperlip": [1.0, 0.0, 0.0, 0.0, 0.992, -0.128, -0.0, 0.128, 0.992]
		},
       		"bones":	{
		"upperlip": [1.0, 0.0, 0.0, -0.0, 0.998, 0.058, 0.0, -0.058, 0.998]
		}
	}
}

